graph_slot,source_node_index,source_node_id,source_feature,target_node_index,target_node_id,target_feature,lag_5min_steps,raw_p_value,fdr_bh_q_value,parcorr_value
157,0,400593,flow,0,400593,flow,1,4.7771394509526666e-11,1.9108557803810664e-09,0.14685439312953416
157,0,400593,flow,0,400593,flow,2,2.254219521663299e-23,2.188365917659652e-21,0.2208401314110441
157,0,400593,flow,0,400593,flow,3,6.771225071847288e-27,7.481251230276287e-25,0.23757887557806767
157,0,400593,flow,0,400593,flow,4,2.29561672977493e-14,1.2845938176978881e-12,0.17013397414183967
157,0,400593,flow,0,400593,flow,5,3.252060225648427e-11,1.3329127300570402e-09,0.1481490040036581
157,0,400593,flow,0,400593,flow,6,5.436639352548699e-09,1.73715103572562e-07,0.1304165172244797
157,0,400593,flow,0,400593,flow,7,1.106794416926878e-06,2.3764174359463785e-05,0.10905877806663575
157,0,400593,flow,0,400593,flow,8,8.913216084114565e-10,3.0927785930421625e-08,0.13694068204232768
157,0,400593,flow,0,400593,flow,10,2.8085167201570066e-07,6.790941382969076e-06,0.11493572805118903
157,0,400593,flow,1,400125,flow,3,0.004544593967293503,0.03240636491119582,-0.06365070306323664
157,0,400593,flow,3,400039,flow,5,0.00556506485942708,0.03805172553454413,-0.06218901092608876
157,0,400593,flow,6,405843,flow,5,0.0051806469318557615,0.0358775164245221,-0.0627087789959337
157,0,400593,flow,9,402391,flow,9,0.004239208987221077,0.03071169348447938,-0.06414614752064224
157,0,400593,flow,9,402391,flow,10,0.007561200908537837,0.048170458523644676,-0.05992074269803215
157,0,400593,flow,16,405838,flow,5,0.003755597490599889,0.027914971024417617,-0.06500122714847467
157,0,400593,flow,16,405838,flow,7,0.002674384731136688,0.02131219708266093,0.06734856428814849
157,0,400593,flow,17,400260,flow,9,0.0012495075515852772,0.011500920534463974,0.07236982312511513
157,0,400593,flow,19,401795,flow,8,0.005348103657488099,0.036801223001510966,0.06247822428400833
157,0,400593,flow,19,401795,flow,9,0.0037691564875045173,0.027996485601821726,0.06497592474899486
157,0,400593,occupancy,0,400593,flow,1,2.8593877004323675e-08,8.25705539162288e-07,0.12413096202563599
157,0,400593,occupancy,0,400593,flow,2,1.157070165703552e-20,9.612582915075665e-19,-0.20700872393258346
157,0,400593,occupancy,0,400593,flow,3,1.8953341015840936e-17,1.3400725562754966e-15,-0.18913049900808063
157,0,400593,occupancy,0,400593,flow,4,0.0019318891669776208,0.016415738004215818,0.06953296451227882
157,0,400593,occupancy,0,400593,flow,6,0.006136368550179355,0.041150437964568166,0.06147344296635636
157,0,400593,occupancy,0,400593,flow,7,0.004955359869777531,0.034684307578481746,0.06302980936886328
157,0,400593,occupancy,5,400503,flow,1,0.0017675930129549924,0.015291927761661352,0.07011968969894569
157,0,400593,occupancy,7,408093,flow,12,0.004567749964451982,0.03252086141641418,0.06361437686071476
157,0,400593,occupancy,13,400183,flow,12,0.007720593434579192,0.04893333866986811,0.05976376951465203
157,0,400593,occupancy,17,400260,flow,9,0.003517280381280396,0.02650846344579782,0.06546006302566007
157,0,400593,occupancy,19,401795,flow,5,0.00791988539890696,0.04988370645195036,0.05957153487600166
157,0,400593,occupancy,19,401795,flow,9,0.002026387185297015,0.017014562955263563,0.06921593253163619
157,0,400593,speed,1,400125,flow,6,0.0026075210122242683,0.020898869708365193,-0.06752080733480326
157,0,400593,speed,4,400316,flow,1,0.005810836841639159,0.039309137419168756,-0.061873425929486074
157,0,400593,speed,10,400497,flow,8,0.0021968287879822585,0.018151211142378196,0.0686769242633896
157,0,400593,speed,12,404520,flow,1,0.0020728065016563323,0.01734028676831014,-0.06906513604617746
157,0,400593,speed,12,404520,flow,12,0.0072403288852711896,0.04655882819942177,-0.06024594969607328
157,1,400125,flow,1,400125,flow,1,1.6056248453204669e-174,1.1370982511121994e-171,0.5738881172852908
157,1,400125,flow,1,400125,flow,2,6.55300329123818e-11,2.5782308031101035e-09,0.1458125000252983
157,1,400125,flow,1,400125,flow,3,0.0003755365052684466,0.004197458480620153,0.07973326283475093
157,1,400125,flow,1,400125,flow,11,0.00453238161261572,0.03235183469110945,0.06366992884731028
157,1,400125,flow,1,400125,flow,12,1.2894960938775384e-05,0.00021914331729154074,0.0977050334691611
157,1,400125,flow,3,400039,flow,1,0.003919239611853823,0.028902552275876608,0.06470124300635761
157,1,400125,flow,4,400316,flow,3,0.0009331709240215985,0.009025045549096267,-0.07421712478646718
157,1,400125,flow,5,400503,flow,1,0.0015575546949140025,0.013833544987723049,0.07094749991704226
157,1,400125,flow,5,400503,flow,5,7.237108886621158e-05,0.0010157345805784082,0.08892680877918102
157,1,400125,flow,5,400503,flow,6,0.003928520267620396,0.028951224080723488,0.06468457279553562
157,1,400125,flow,5,400503,flow,7,0.0018374698201798422,0.015762251038873944,0.0698642754167972
157,1,400125,flow,5,400503,flow,10,0.004950838898722365,0.034670216412365375,0.06303638561853393
157,1,400125,flow,5,400503,flow,12,0.0001743131902882184,0.0021827042957829083,0.0841319640393837
157,1,400125,flow,6,405843,flow,1,4.275508312347556e-06,8.183516131741889e-05,0.10295594388804398
157,1,400125,flow,6,405843,flow,10,0.0021089830285754042,0.017578249437479734,0.06894974529957962
157,1,400125,flow,6,405843,flow,11,5.809561495386268e-06,0.00010776000712781743,0.10152318221780773
157,1,400125,flow,7,408093,flow,3,0.003970429217558593,0.029195326331664884,0.064609736856398
157,1,400125,flow,7,408093,flow,6,0.006152083221815457,0.04120798402909209,0.06145462159034066
157,1,400125,flow,8,401448,flow,2,0.0006694367289463328,0.006864388011032892,0.07627100512727798
157,1,400125,flow,9,402391,flow,11,4.814828021052109e-05,0.0007101419273112022,0.09107113566357927
157,1,400125,flow,10,400497,flow,1,0.0003786733067562376,0.0042217333086492495,0.07968439660559898
157,1,400125,flow,10,400497,flow,6,0.00047917354992932083,0.005153173352488588,0.07829028303897471
157,1,400125,flow,10,400497,flow,8,0.0009496277628648062,0.009161214684180356,-0.07410763667105713
157,1,400125,flow,10,400497,flow,10,5.30620587660239e-05,0.0007725921599906413,0.09056404381852567
157,1,400125,flow,10,400497,flow,11,1.0166596524965802e-12,4.973918118669565e-11,0.15903408579611322
157,1,400125,flow,10,400497,flow,12,6.269846723123363e-12,2.7951218282842353e-10,0.15341690433313476
157,1,400125,flow,11,405841,flow,7,0.0010104993212268403,0.009636549818322186,0.07371736014360282
157,1,400125,flow,12,404520,flow,2,0.0006139326095597376,0.006372390373133269,-0.07679820995937627
157,1,400125,flow,12,404520,flow,3,5.010707499660064e-08,1.378742445766336e-06,-0.1219354654924544
157,1,400125,flow,13,400183,flow,2,0.0026177198998104043,0.02096983749675118,0.06749427576299832
157,1,400125,flow,13,400183,flow,6,0.006698632414221806,0.043859868854972686,0.06082551436205811
157,1,400125,flow,13,400183,flow,11,0.00031712146461834983,0.0036361421252227473,0.08072074420112862
157,1,400125,flow,14,401469,flow,5,0.0021973319237325907,0.018151211142378196,0.06867539067431742
157,1,400125,flow,14,401469,flow,11,0.0008279628965427179,0.00817554220129038,0.07496252476938692
157,1,400125,flow,15,401472,flow,1,8.439685872319586e-07,1.8544986250468264e-05,0.11024433814385655
157,1,400125,flow,15,401472,flow,3,7.119375164330206e-08,1.9114792237356426e-06,-0.12054101033188597
157,1,400125,flow,15,401472,flow,4,2.507258623427312e-07,6.1090565443914194e-06,-0.11540910653708487
157,1,400125,flow,15,401472,flow,11,9.962320535162857e-13,4.879503935589971e-11,0.15909562411842967
157,1,400125,flow,15,401472,flow,12,1.6597575617341514e-14,9.409649168886529e-13,0.17104945429826254
157,1,400125,flow,16,405838,flow,1,2.1744681965156772e-08,6.355685121074239e-07,0.1251890149579995
157,1,400125,flow,16,405838,flow,2,0.0002299433274501584,0.002781728296232664,0.08256891334941695
157,1,400125,flow,16,405838,flow,6,5.046463226873325e-05,0.0007392580922378014,0.09082626986193389
157,1,400125,flow,17,400260,flow,1,0.0013530419401489903,0.012305560381986606,0.07185885638680264
157,1,400125,flow,17,400260,flow,2,4.1053153614064944e-05,0.0006175126170360744,0.09189742885291667
157,1,400125,flow,17,400260,flow,3,0.00014029443000600894,0.0018124944889950066,0.0853390091428377
157,1,400125,flow,18,404528,flow,1,9.425873861277325e-07,2.0506587700591483e-05,0.10976253627991985
157,1,400125,flow,18,404528,flow,11,0.0003171523964777619,0.0036361421252227473,0.08072017766086445
157,1,400125,flow,19,401795,flow,1,6.983318887883875e-06,0.0001271299519412488,0.10065404322446969
157,1,400125,flow,19,401795,flow,2,1.3739181182222e-09,4.68825139867291e-08,0.13540765970880034
157,1,400125,occupancy,1,400125,flow,2,0.0034892656390457496,0.026347889461069113,0.06551584355430681
157,1,400125,occupancy,1,400125,flow,7,0.0011598650232193463,0.010836109213467941,0.0728448309911344
157,1,400125,occupancy,5,400503,flow,12,0.0011854617946698907,0.011025177509093494,0.07270583237590786
157,1,400125,occupancy,7,408093,flow,7,0.0013745349793759364,0.01248788877161734,-0.0717573199836761
157,1,400125,occupancy,7,408093,flow,9,0.00045861043521385977,0.004976631700888908,0.07855173232670105
157,1,400125,occupancy,10,400497,flow,5,0.005341074337378747,0.03676456522861088,0.0624877703793491
157,1,400125,occupancy,10,400497,flow,10,0.0061015313563842904,0.04096822499341928,0.06151532243097669
157,1,400125,occupancy,10,400497,flow,11,8.35123822968064e-06,0.00014907995517446433,0.09980233970606973
157,1,400125,occupancy,10,400497,flow,12,0.005247346709253668,0.03623487497438594,0.06261615168778921
157,1,400125,occupancy,11,405841,flow,4,0.005013554032959952,0.034972635915367346,0.06294564010477317
157,1,400125,occupancy,12,404520,flow,5,0.005093798599532271,0.03540661295250106,0.06283101441867478
157,1,400125,occupancy,13,400183,flow,3,7.92454545351956e-05,0.0010972447551027083,0.08844283991327566
157,1,400125,occupancy,14,401469,flow,1,0.0007049322425148038,0.007165428912150476,0.07595475703265958
157,1,400125,occupancy,14,401469,flow,2,0.003014858668956781,0.023475467645806224,0.06652817748658721
157,1,400125,occupancy,14,401469,flow,6,0.0078058582332383485,0.049314576729437946,0.05968098668125677
157,1,400125,occupancy,15,401472,flow,1,2.7954642923491664e-05,0.00043770952312245014,0.09386159861686645
157,1,400125,occupancy,15,401472,flow,3,8.966774340678709e-05,0.0012254497042623227,-0.08777991464172055
157,1,400125,occupancy,15,401472,flow,4,0.006741228922791163,0.04405098917933418,-0.06077844366016487
157,1,400125,occupancy,15,401472,flow,11,2.150815806600264e-07,5.3399564853523785e-06,0.11604589325718936
157,1,400125,occupancy,15,401472,flow,12,1.5354399808466282e-06,3.229357700709559e-05,0.10761069713859514
157,1,400125,occupancy,16,405838,flow,7,0.0014917351740046487,0.013361592269749291,0.0712281285512429
157,1,400125,occupancy,19,401795,flow,1,5.511790789426518e-07,1.2618408166572632e-05,0.11208326801625886
157,1,400125,speed,1,400125,flow,7,0.0009576324817193914,0.009226075649036065,-0.07405501436157938
157,1,400125,speed,4,400316,flow,12,0.0035165467163406168,0.026507558566727384,-0.06546151867637863
157,1,400125,speed,7,408093,flow,7,0.0023021069176706495,0.018856848472387572,0.06836282944253565
157,1,400125,speed,7,408093,flow,9,0.0004677140547850769,0.005057633833971295,-0.07843466375515648
157,1,400125,speed,12,404520,flow,12,0.0013918817154489934,0.012619739919001756,-0.07167643282884908
157,1,400125,speed,15,401472,flow,11,0.0073420101816691116,0.04707254969547427,-0.0601415197061899
157,1,400125,speed,16,405838,flow,4,0.0008828333484635254,0.008616900283240915,-0.07456348416959431
157,1,400125,speed,16,405838,flow,7,7.126487082549989e-05,0.0010008590441032495,-0.08900872159079753
157,1,400125,speed,16,405838,flow,10,0.0007584269324400816,0.007612463634156953,-0.07550502558326451
157,1,400125,speed,18,404528,flow,6,0.00046641771042805124,0.005047406084792538,-0.0784512037750411
157,1,400125,speed,19,401795,flow,1,0.0078557027756405,0.049571481143393166,-0.059632967267278694
157,2,400331,flow,0,400593,flow,1,7.856307825999506e-05,0.0010891928693298415,0.08846685836304315
157,2,400331,flow,1,400125,flow,10,0.007044762049489993,0.04554769175371492,0.06045055550160238
157,2,400331,flow,2,400331,flow,1,1.7034033443167802e-50,3.285135021182362e-48,0.326163082986616
157,2,400331,flow,2,400331,flow,2,1.3169861279693632e-34,1.8901594926337706e-32,0.2702866078866046
157,2,400331,flow,2,400331,flow,3,1.254984209344983e-05,0.0002142051277902144,0.0978372339748617
157,2,400331,flow,2,400331,flow,4,3.3681871549182887e-06,6.589931390057522e-05,0.10405771968794404
157,2,400331,flow,2,400331,flow,5,2.3255885588502747e-07,5.718009433257363e-06,0.11572188122183598
157,2,400331,flow,2,400331,flow,6,8.132216474707852e-06,0.00014571204965050985,0.09992930465692398
157,2,400331,flow,2,400331,flow,7,0.000991940544885164,0.00949099258893446,0.07383399066630406
157,2,400331,flow,2,400331,flow,8,2.477904944502526e-07,6.0477680001417585e-06,0.11545813092014139
157,2,400331,flow,2,400331,flow,10,5.997776577044333e-06,0.00011091778601383356,0.10137309436980965
157,2,400331,flow,2,400331,flow,11,0.0005660333482127227,0.005949547601651976,0.07729010862574735
157,2,400331,flow,3,400039,flow,2,0.001395803704559354,0.01264654363191361,0.07165827356042799
157,2,400331,flow,6,405843,flow,3,0.006299803472567258,0.0419081475230837,0.06127978161939993
157,2,400331,flow,6,405843,flow,10,0.006469015897917804,0.042744733468473524,0.061083978384789274
157,2,400331,flow,7,408093,flow,1,0.00365136309246024,0.027299910971665342,0.06519855748225444
157,2,400331,flow,11,405841,flow,2,0.0005125888434203127,0.005470315720295827,0.0778869367697192
157,2,400331,flow,11,405841,flow,4,6.20474085892599e-07,1.4041110796521885e-05,0.1115750386065987
157,2,400331,flow,11,405841,flow,5,0.0001648158741684741,0.002080667961448884,0.08444493655471975
157,2,400331,flow,11,405841,flow,7,0.0006412709791802799,0.006610094559911261,0.07653323626150409
157,2,400331,flow,11,405841,flow,10,0.00011916244477730417,0.0015689782427246387,0.08623652293575707
157,2,400331,flow,11,405841,flow,11,3.4144872339203196e-05,0.0005217751981088002,0.09284399736656453
157,2,400331,flow,13,400183,flow,1,7.338979145893561e-08,1.9594802169505678e-06,0.12041966465899899
157,2,400331,flow,13,400183,flow,6,7.204360826216327e-09,2.26183421288187e-07,0.12937161554789756
157,2,400331,flow,13,400183,flow,10,0.006550624860261544,0.04315718632071681,0.060991185724350715
157,2,400331,flow,13,400183,flow,11,0.005650708765287533,0.03846586022836883,0.062077638206130985
157,2,400331,flow,16,405838,flow,2,0.004567976552657437,0.03252086141641418,0.06361402222240527
157,2,400331,flow,16,405838,flow,7,0.004080871686422828,0.02984992496672302,0.06441590177985927
157,2,400331,flow,18,404528,flow,3,0.003590485783565369,0.026952039244139695,0.06531618742223685
157,2,400331,flow,18,404528,flow,10,0.0026593565178008095,0.02121983774824436,0.06738693195982551
157,2,400331,occupancy,0,400593,flow,8,0.0009512027706099045,0.00917436027915782,0.07409725035037616
157,2,400331,occupancy,2,400331,flow,3,7.07122226651985e-06,0.00012856767757308816,0.10059470572019699
157,2,400331,occupancy,2,400331,flow,4,5.790360390429853e-07,1.3193226206042703e-05,0.11187193917013014
157,2,400331,occupancy,2,400331,flow,5,0.00012002764423104832,0.0015789263796532544,0.0861969310481386
157,2,400331,occupancy,2,400331,flow,7,4.9009758265410535e-05,0.0007215207982740037,0.09097878945414654
157,2,400331,occupancy,2,400331,flow,8,0.00010802829903484962,0.0014403773204646614,0.08677173839587612
157,2,400331,occupancy,2,400331,flow,11,0.0054112627186761,0.037176614097774736,0.06239295598030138
157,2,400331,occupancy,2,400331,flow,12,0.004724126349171627,0.03339304699117876,0.06337333379087241
157,2,400331,occupancy,6,405843,flow,3,0.00589926870916952,0.039795191792024245,0.06176281166629424
157,2,400331,occupancy,6,405843,flow,8,6.627041100109363e-05,0.0009392656677320358,0.08939418777866633
157,2,400331,occupancy,7,408093,flow,3,0.0002560153048830049,0.0030509961850885,0.08195557351862956
157,2,400331,occupancy,7,408093,flow,8,0.0009678362690815957,0.0093098478789412,0.07398852265967014
157,2,400331,occupancy,9,402391,flow,10,0.007365109916232672,0.047178640032807154,0.06011797637880055
157,2,400331,occupancy,10,400497,flow,8,0.0030100320612340757,0.023450565382382698,0.06653920348474199
157,2,400331,occupancy,11,405841,flow,1,0.0066242301545592535,0.04351022391317618,0.060908380368171804
157,2,400331,occupancy,11,405841,flow,4,0.0032676705434373744,0.025020093491048313,0.06597200643236306
157,2,400331,occupancy,11,405841,flow,5,5.5443936145386597e-05,0.000803481396001577,0.0903340505632159
157,2,400331,occupancy,11,405841,flow,7,0.00025932622447667384,0.003085346432771223,0.08188191780828902
157,2,400331,occupancy,11,405841,flow,8,0.0021887007102406137,0.018099515827410893,0.06870174382949878
157,2,400331,occupancy,13,400183,flow,1,0.00022798826051720244,0.002760395979356263,0.08261749813532351
157,2,400331,occupancy,13,400183,flow,3,0.0003377940618732312,0.0038391748152916566,0.08035317199685901
157,2,400331,occupancy,13,400183,flow,6,1.4442026421767675e-05,0.00024228953064868488,0.09715106525676286
157,2,400331,occupancy,13,400183,flow,11,9.0927073050416e-06,0.00016072215858338674,0.09939494037266013
157,2,400331,occupancy,14,401469,flow,8,0.0006807205740587746,0.006960267171441198,0.07616881625366566
157,2,400331,occupancy,15,401472,flow,3,0.006716920713359586,0.04393201738336625,0.06080527228176601
157,2,400331,occupancy,17,400260,flow,1,0.0018550562144384662,0.015894174625890867,0.06974880132661519
157,2,400331,occupancy,17,400260,flow,3,0.003645181761529156,0.02725841303411105,0.06519402267512658
157,2,400331,occupancy,18,404528,flow,10,0.0004770810394204533,0.0051370640336399764,0.07831640513473075
157,2,400331,occupancy,19,401795,flow,4,0.007101827502716247,0.04585248066318067,0.06039033136238095
157,2,400331,occupancy,19,401795,flow,11,0.000897189689725657,0.008737284624920735,0.07446287522899125
157,2,400331,speed,2,400331,flow,4,0.004480994046816021,0.032049493844776844,-0.06375134505450994
157,2,400331,speed,3,400039,flow,7,0.0018039234195472266,0.015553083866207101,-0.06998576013223277
157,2,400331,speed,7,408093,flow,1,0.006086638918559841,0.04088041064704371,-0.06153329103954048
157,2,400331,speed,7,408093,flow,5,0.0016933340412834258,0.014771554816063778,-0.07040149589954624
157,2,400331,speed,13,400183,flow,4,0.004116365575523945,0.030063735057081053,-0.06435461699057138
157,2,400331,speed,16,405838,flow,1,0.003277513282011997,0.025077678672142806,-0.06595115557377391
157,2,400331,speed,17,400260,flow,1,5.3102841780385635e-06,9.926623820478838e-05,0.10194506431033165
157,2,400331,speed,17,400260,flow,2,0.0001351965119669375,0.0017565381404426167,0.08554324753261466
157,2,400331,speed,17,400260,flow,3,1.2376156811145778e-09,4.2432537638214095e-08,0.13577937794404732
157,2,400331,speed,17,400260,flow,4,0.002225426882880753,0.018350532800238312,0.06859026173479207
157,2,400331,speed,17,400260,flow,5,0.0012496602080734698,0.011500920534463974,0.07236904139450123
157,2,400331,speed,17,400260,flow,6,0.00036464645153908373,0.0040958727785981325,0.07990592366171279
157,2,400331,speed,17,400260,flow,7,0.0009376544820983576,0.00905986884961956,0.07418711941354375
157,3,400039,flow,0,400593,flow,1,0.006990282101621471,0.04528797042442225,-0.06050846085260307
157,3,400039,flow,1,400125,flow,1,1.3545150710046781e-05,0.0002285744182320394,0.09746488797578161
157,3,400039,flow,1,400125,flow,2,6.168995698902235e-05,0.0008836227261027075,0.08977266214930794
157,3,400039,flow,1,400125,flow,11,5.155105128460606e-05,0.0007526364131224569,0.09071506907310632
157,3,400039,flow,1,400125,flow,12,0.00019636320695307725,0.002428030980666197,0.08346303245699829
157,3,400039,flow,3,400039,flow,1,5.724210555290617e-93,1.9319210624105834e-90,0.43584796992029035
157,3,400039,flow,3,400039,flow,2,3.2411558184953173e-11,1.3302920023270722e-09,0.148123022935042
157,3,400039,flow,3,400039,flow,5,1.2034110495598781e-06,2.5723581069266075e-05,0.10869030060712458
157,3,400039,flow,3,400039,flow,6,5.83629682999202e-06,0.00010816303005390617,0.10150158177971316
157,3,400039,flow,3,400039,flow,8,0.003131716370985704,0.024189191351078564,0.06626601851995352
157,3,400039,flow,3,400039,flow,11,3.6352616508849714e-07,8.624014460089553e-06,0.11385221483932646
157,3,400039,flow,3,400039,flow,12,3.908263818938739e-11,1.5823523615572026e-09,0.14754906132683793
157,3,400039,flow,4,400316,flow,3,2.493885186952604e-08,7.240311833088206e-07,-0.12466051907686569
157,3,400039,flow,4,400316,flow,10,0.0019116184611018237,0.016272299018640156,0.06960282033380778
157,3,400039,flow,4,400316,flow,11,0.0008066622407239492,0.008007309007186261,0.07512406986887687
157,3,400039,flow,5,400503,flow,2,0.005889282192254773,0.03974644441577975,0.06177522812236582
157,3,400039,flow,5,400503,flow,3,0.00022949411742882427,0.002777849782271003,0.08258004215820149
157,3,400039,flow,5,400503,flow,5,0.0005300657508044221,0.005626305261547361,0.0776856380702657
157,3,400039,flow,5,400503,flow,6,2.179200690021196e-10,8.236349064647039e-09,0.14181716062820254
157,3,400039,flow,5,400503,flow,7,8.867759794083742e-05,0.0012126981833162052,0.08783967549027182
157,3,400039,flow,5,400503,flow,8,0.001129047915808335,0.010577937532622006,0.07301598630756032
157,3,400039,flow,5,400503,flow,9,0.0007473189434177321,0.007513687147022715,0.07559593365368626
157,3,400039,flow,5,400503,flow,10,1.1806882232455585e-07,3.0670914758994663e-06,0.11850476972951855
157,3,400039,flow,5,400503,flow,11,3.1439332866077867e-06,6.19042470289227e-05,0.10437392691851902
157,3,400039,flow,5,400503,flow,12,1.118936154089723e-05,0.00019350697300510823,0.09839456160989381
157,3,400039,flow,6,405843,flow,2,7.865462492904762e-05,0.0010901122223082634,0.08848284474774806
157,3,400039,flow,6,405843,flow,4,0.00033021175797372536,0.003761906103498137,0.08048548352888088
157,3,400039,flow,6,405843,flow,6,7.047255113045624e-06,0.00012818586142466145,0.10061081408142665
157,3,400039,flow,6,405843,flow,11,4.680653964660822e-08,1.3018483181805753e-06,0.12220419271714808
157,3,400039,flow,6,405843,flow,12,4.3863040527266816e-07,1.0281515739435303e-05,0.11305729907983043
157,3,400039,flow,7,408093,flow,1,7.289823151632179e-05,0.001021805191922486,0.08888819061396909
157,3,400039,flow,7,408093,flow,4,0.00580859987653092,0.039300158914038485,0.06187624363340351
157,3,400039,flow,7,408093,flow,5,0.004563852986562107,0.03250221711498237,0.06362047860172938
157,3,400039,flow,7,408093,flow,7,4.884046880748746e-07,1.1313180978463583e-05,0.11259992212718316
157,3,400039,flow,7,408093,flow,9,0.006221424098554755,0.041527429088004546,0.0613720855563425
157,3,400039,flow,8,401448,flow,1,0.002606529421887184,0.020894798854245007,0.067523391930269
157,3,400039,flow,8,401448,flow,2,0.003941818274116591,0.029014576493753066,0.06466074867638197
157,3,400039,flow,8,401448,flow,7,0.004547469053255825,0.03241747991850901,0.06364618364633132
157,3,400039,flow,8,401448,flow,11,0.00442315830182448,0.03174093665096637,0.0638439948188207
157,3,400039,flow,10,400497,flow,5,2.884325605882528e-06,5.731502583906403e-05,0.10476818382770824
157,3,400039,flow,10,400497,flow,6,0.00036574634832694977,0.004106826076411672,0.07988826776097027
157,3,400039,flow,10,400497,flow,10,1.5444257257669165e-09,5.228776751812758e-08,0.13499024812919716
157,3,400039,flow,10,400497,flow,11,1.0052577926480217e-16,6.774904312386043e-15,0.18484844888424581
157,3,400039,flow,10,400497,flow,12,7.37856033374932e-13,3.680759889353009e-11,0.16000306501093675
157,3,400039,flow,12,404520,flow,3,2.2222807607560053e-07,5.482725806091344e-06,-0.11591043720439534
157,3,400039,flow,12,404520,flow,5,0.005435346209833865,0.03731833379924078,0.06236067821713362
157,3,400039,flow,12,404520,flow,6,7.251132495513296e-07,1.6155179154521625e-05,0.11090282234190002
157,3,400039,flow,12,404520,flow,7,0.0007327242161281755,0.007402639414578387,0.07571730256922408
157,3,400039,flow,12,404520,flow,10,8.925906430055026e-08,2.364188582332171e-06,0.11963488939372302
157,3,400039,flow,12,404520,flow,11,1.782088313704931e-05,0.00029205696188184,0.0961153446900195
157,3,400039,flow,13,400183,flow,3,9.039749212407593e-05,0.0012334717813518889,0.08773626760434729
157,3,400039,flow,13,400183,flow,8,1.0602844473615457e-05,0.00018483403965476977,0.09865505908078603
157,3,400039,flow,13,400183,flow,12,5.124816714370239e-05,0.000749465409819886,0.09074584606470475
157,3,400039,flow,14,401469,flow,1,0.0037379573968434566,0.027798202710214725,0.06503426974189698
157,3,400039,flow,14,401469,flow,5,0.00603073701313948,0.04056170620701005,0.06160109497088621
157,3,400039,flow,14,401469,flow,6,0.0008749375782151641,0.008557234181321052,0.07461946538356305
157,3,400039,flow,14,401469,flow,7,0.0016380575216186541,0.014388793195186225,0.07061873866280828
157,3,400039,flow,14,401469,flow,12,0.00033295665414219064,0.0037911775063106576,0.0804372599914687
157,3,400039,flow,15,401472,flow,1,1.2539447752345268e-07,3.243737382642608e-06,0.11826020164595158
157,3,400039,flow,15,401472,flow,3,0.0004594380756119753,0.00498185865121419,-0.07854100011499028
157,3,400039,flow,15,401472,flow,10,6.0316046260940965e-06,0.00011140030775855705,0.10134659736275155
157,3,400039,flow,15,401472,flow,11,5.789478542663639e-20,4.754856901959491e-18,0.20326098038228624
157,3,400039,flow,15,401472,flow,12,7.195202424670467e-18,5.189194403101239e-16,0.19157039261986988
157,3,400039,flow,16,405838,flow,1,1.523584803994471e-05,0.0002541268862261048,0.09688842681165152
157,3,400039,flow,16,405838,flow,2,1.519315840039471e-06,3.197001670224313e-05,0.10765768621836305
157,3,400039,flow,16,405838,flow,5,0.001264330025336336,0.011613663001175785,0.0722943274854944
157,3,400039,flow,16,405838,flow,6,3.059433394219618e-05,0.00047491025019866153,0.09340383768535164
157,3,400039,flow,17,400260,flow,2,0.002118536928682706,0.01764086262896933,0.06891957448250538
157,3,400039,flow,17,400260,flow,3,0.0033746151927276304,0.025649365866194252,0.06574845455950963
157,3,400039,flow,17,400260,flow,6,0.0011629619468882704,0.010853306568497144,0.07282786393410515
157,3,400039,flow,17,400260,flow,7,0.0019596093588997664,0.01659904398126861,0.0694385174745288
157,3,400039,flow,17,400260,flow,12,1.1765798229112903e-05,0.00020202006498317864,0.09815093635241154
157,3,400039,flow,18,404528,flow,1,4.357766758283982e-06,8.318847722398057e-05,0.1028674394896862
157,3,400039,flow,18,404528,flow,2,0.0066573775843404934,0.04366819186813078,0.06087135946027221
157,3,400039,flow,18,404528,flow,4,0.00045915961256869314,0.00498008919481987,0.0785446089984847
157,3,400039,flow,18,404528,flow,5,0.001820300389642269,0.015642923579181622,0.06992619585895239
157,3,400039,flow,18,404528,flow,10,0.0020653349650446946,0.01729117645153698,0.06908919748400719
157,3,400039,flow,18,404528,flow,11,0.0024649417980566273,0.01993297043087262,0.06790199824840046
157,3,400039,flow,18,404528,flow,12,7.375434687274124e-06,0.0001334808456180319,0.10039465757331241
157,3,400039,flow,19,401795,flow,1,7.107070380258915e-06,0.00012911078234953115,0.10057070927240186
157,3,400039,flow,19,401795,flow,2,6.479470660627259e-07,1.4599614093987025e-05,0.11138854964371056
157,3,400039,flow,19,401795,flow,7,0.002071058007267088,0.017329015284512535,0.06907075978724968
157,3,400039,flow,19,401795,flow,12,3.3413263095970156e-07,7.96607596990017e-06,0.11420735499577606
157,3,400039,occupancy,1,400125,flow,1,7.35401412522657e-05,0.0010298003572440449,0.088841519483335
157,3,400039,occupancy,1,400125,flow,2,0.0011744390522202821,0.010936789621883203,0.07276534625102696
157,3,400039,occupancy,1,400125,flow,7,0.00030874936555673927,0.0035539495315883656,0.08087601897465521
157,3,400039,occupancy,1,400125,flow,11,2.089792376612645e-05,0.0003374917034380047,0.09532366168740133
157,3,400039,occupancy,1,400125,flow,12,0.0011010488342594665,0.010365070743083233,0.0731752743020408
157,3,400039,occupancy,3,400039,flow,6,0.005056033642710725,0.03520642381771491,0.0628847551747885
157,3,400039,occupancy,3,400039,flow,8,0.0019609715576642426,0.016604071205624318,0.06943390791217027
157,3,400039,occupancy,3,400039,flow,11,1.3150844541637405e-05,0.0002228781813255143,0.09760917534248847
157,3,400039,occupancy,3,400039,flow,12,8.007994067031413e-06,0.00014396393828371078,0.10000277464788128
157,3,400039,occupancy,4,400316,flow,3,1.5307637055910954e-05,0.00025493057857184007,-0.09686532203830617
157,3,400039,occupancy,4,400316,flow,4,0.005090072984220475,0.03539210573287052,0.06283630005998816
157,3,400039,occupancy,4,400316,flow,11,1.2769661447658673e-05,0.00021727033262656741,0.09775263603224824
157,3,400039,occupancy,5,400503,flow,1,0.004254943720754194,0.03078984355943695,0.06411984192901245
157,3,400039,occupancy,5,400503,flow,2,0.004616525350902701,0.03278006166321444,0.06353840208303227
157,3,400039,occupancy,5,400503,flow,3,0.00032322550887669714,0.00369693989501544,0.08060993308333536
157,3,400039,occupancy,5,400503,flow,5,0.0007357194840192851,0.007427689111856302,0.07569221223262204
157,3,400039,occupancy,5,400503,flow,6,1.6162806686290823e-11,6.906362500966998e-10,0.15040913393436203
157,3,400039,occupancy,5,400503,flow,8,0.00027789538916023893,0.0032666886562509718,0.08148446562487031
157,3,400039,occupancy,5,400503,flow,10,0.0003273293247375712,0.0037339917688574273,0.08053652854836893
157,3,400039,occupancy,5,400503,flow,11,0.00041787539180637517,0.0046004630290610105,0.07910363629346268
157,3,400039,occupancy,5,400503,flow,12,0.0012803411338235518,0.011730803177344101,0.07221368964880255
157,3,400039,occupancy,6,405843,flow,2,4.874958682395223e-06,9.188403799278954e-05,0.10234511479053762
157,3,400039,occupancy,6,405843,flow,4,2.0980688394324267e-05,0.0003387016960518716,0.0953039378257914
157,3,400039,occupancy,6,405843,flow,6,2.000741853504054e-09,6.669139511680181e-08,0.13406203513328338
157,3,400039,occupancy,6,405843,flow,7,0.002871125690769556,0.02258012558551699,0.06686363971413375
157,3,400039,occupancy,6,405843,flow,11,4.8281347340723574e-11,1.929467349786548e-09,0.1468561161264124
157,3,400039,occupancy,7,408093,flow,1,9.172375667358646e-05,0.001248020878204389,0.08765778697329772
157,3,400039,occupancy,7,408093,flow,4,0.0020234302146856635,0.017002953758883613,0.06922564542190243
157,3,400039,occupancy,7,408093,flow,5,1.6039514709565608e-05,0.00026578712522180067,0.09663549040555203
157,3,400039,occupancy,7,408093,flow,10,0.0070405916750187515,0.045533222013817626,0.06045497385836081
157,3,400039,occupancy,8,401448,flow,2,3.28386328617823e-05,0.0005052097363351123,0.09304324357680703
157,3,400039,occupancy,8,401448,flow,7,0.0016191180932031261,0.014260122655733955,0.07069472528121276
157,3,400039,occupancy,8,401448,flow,11,0.00042008261254269805,0.004620053172567351,0.07907247089224058
157,3,400039,occupancy,9,402391,flow,1,0.00026079730173093744,0.003096878349306349,0.0818494741009459
157,3,400039,occupancy,9,402391,flow,2,0.00355524240200875,0.026757225046477005,0.06538511743154878
157,3,400039,occupancy,9,402391,flow,7,7.19255580763286e-05,0.0010098095901518998,0.08895965597974542
157,3,400039,occupancy,9,402391,flow,12,0.002179424300446308,0.018040070852515907,0.06873017326074311
157,3,400039,occupancy,10,400497,flow,4,0.0023175914286940364,0.01895134388029195,0.06831774558278948
157,3,400039,occupancy,10,400497,flow,5,2.4960855181989662e-06,5.03412205351052e-05,0.10542639030323019
157,3,400039,occupancy,10,400497,flow,6,0.0005000077568350781,0.005351916525093007,0.07803584228942913
157,3,400039,occupancy,10,400497,flow,10,6.3671885753743085e-06,0.0001169483615885077,0.10109117540579421
157,3,400039,occupancy,10,400497,flow,11,7.96416627084366e-07,1.762583258847493e-05,0.11049636517251883
157,3,400039,occupancy,10,400497,flow,12,1.6249913325699293e-06,3.398153340627066e-05,0.10735805254139985
157,3,400039,occupancy,11,405841,flow,4,0.005723531648436527,0.03884627921641131,0.061984128727321175
157,3,400039,occupancy,11,405841,flow,9,0.0017059149481896258,0.014851906636704538,0.07035296336159684
157,3,400039,occupancy,12,404520,flow,3,4.373048187228298e-05,0.0006539137476229231,-0.09157078894296222
157,3,400039,occupancy,12,404520,flow,4,0.00026310785596713766,0.0031200272791052286,0.08179886075095916
157,3,400039,occupancy,12,404520,flow,6,1.8954207186840755e-06,3.917807418524022e-05,0.10666908874822925
157,3,400039,occupancy,12,404520,flow,7,0.0034797610029853416,0.02631963017350231,0.0655348609090392
157,3,400039,occupancy,12,404520,flow,10,0.001819671523930354,0.015642923579181622,0.06992847398853962
157,3,400039,occupancy,12,404520,flow,11,0.0001425051896074705,0.0018354872364468471,0.08525260277360767
157,3,400039,occupancy,13,400183,flow,2,0.00030481381306483364,0.0035199028934511664,0.08095037632442162
157,3,400039,occupancy,13,400183,flow,8,1.0427266147283928e-05,0.00018222406859331135,0.09873571860547797
157,3,400039,occupancy,14,401469,flow,5,9.873988400389857e-08,2.5983876744858678e-06,0.11922825172447821
157,3,400039,occupancy,14,401469,flow,8,0.002631270545465685,0.021036942871112966,0.0674591705660774
157,3,400039,occupancy,14,401469,flow,10,0.0004598995269740961,0.004985610932316424,0.0785350241889126
157,3,400039,occupancy,14,401469,flow,11,0.004305792770005943,0.031058648800176444,0.06403543024543527
157,3,400039,occupancy,15,401472,flow,1,5.3264213899298884e-05,0.0007747522021716201,0.09054414805624324
157,3,400039,occupancy,15,401472,flow,6,0.0011091607244630233,0.010432341235968345,0.07312874386771952
157,3,400039,occupancy,15,401472,flow,7,0.002139349785814333,0.01777305975907292,0.06885427764498198
157,3,400039,occupancy,15,401472,flow,10,7.257287787517544e-05,0.0010182358961375701,0.08891199452362197
157,3,400039,occupancy,15,401472,flow,11,5.5074380125898154e-09,1.758472447478788e-07,0.13036867559885906
157,3,400039,occupancy,15,401472,flow,12,4.2809278248026296e-10,1.552779865923372e-08,0.1395007183404829
157,3,400039,occupancy,16,405838,flow,1,0.0004535128352817899,0.004931224385646445,0.07861823503757484
157,3,400039,occupancy,16,405838,flow,2,0.00441291811689361,0.03167271351550157,0.06386051325589802
157,3,400039,occupancy,17,400260,flow,12,0.005731153281557179,0.03888242754546093,0.061974404114288485
157,3,400039,occupancy,18,404528,flow,2,0.002016514270274605,0.016967942437838515,0.06924841344227
157,3,400039,occupancy,18,404528,flow,5,0.0014725972001073128,0.01321757719605982,0.07131186520091748
157,3,400039,occupancy,18,404528,flow,12,4.460227612560892e-05,0.0006646493027341516,0.09146851166871989
157,3,400039,occupancy,19,401795,flow,1,0.0072427139062626565,0.04656506912346885,0.06024348518310221
157,3,400039,occupancy,19,401795,flow,2,7.259804993323384e-06,0.00013155351330183313,0.100469749446391
157,3,400039,occupancy,19,401795,flow,5,0.006278944150405859,0.04181147428467402,0.061304245404530604
157,3,400039,occupancy,19,401795,flow,12,0.002112890200127641,0.01760402249672403,0.06893739150858161
157,3,400039,speed,3,400039,flow,1,0.002363753859830858,0.019216064498436783,0.068184958793062
157,3,400039,speed,6,405843,flow,5,0.0018589801527651186,0.015915168965408864,-0.06978744514662076
157,3,400039,speed,7,408093,flow,7,3.092342230192827e-05,0.00047950173849364727,0.09334942148810625
157,3,400039,speed,8,401448,flow,12,0.00012746512003485006,0.001665102263533572,0.08586726604505653
157,4,400316,flow,1,400125,flow,1,8.243874665451221e-06,0.00014734604284132922,0.09986417478091165
157,4,400316,flow,1,400125,flow,2,0.00010891949651771767,0.0014518118634882452,0.08672702737782685
157,4,400316,flow,1,400125,flow,3,0.00011909114344621537,0.0015685174990477148,0.0862397977836572
157,4,400316,flow,1,400125,flow,9,6.560635260659698e-07,1.476142933648432e-05,-0.11133491050618395
157,4,400316,flow,3,400039,flow,1,4.737935741554348e-11,1.89693071394947e-09,0.14688145672699426
157,4,400316,flow,3,400039,flow,2,2.0779190911032803e-09,6.921056648855952e-08,0.1338923455844981
157,4,400316,flow,3,400039,flow,8,0.0010403646505591732,0.009882091667580535,-0.07353377048578433
157,4,400316,flow,3,400039,flow,9,1.1476443711381565e-09,3.941036314242318e-08,-0.13604727847488493
157,4,400316,flow,4,400316,flow,1,1.3871940643710818e-05,0.00023372380491743655,0.09732389545548402
157,4,400316,flow,4,400316,flow,3,2.5811742654841044e-06,5.1863594543680606e-05,-0.10527411955558261
157,4,400316,flow,4,400316,flow,4,0.005337765045327005,0.03674764142758989,-0.06249226845478466
157,4,400316,flow,4,400316,flow,7,0.0005540121331694133,0.005837355062905417,-0.07741963375042056
157,4,400316,flow,4,400316,flow,8,4.891608259956897e-06,9.201861832310291e-05,-0.10232919634768702
157,4,400316,flow,4,400316,flow,11,0.0034915276356437598,0.026360362436177984,0.06549485221206512
157,4,400316,flow,5,400503,flow,2,2.1681477776800076e-09,7.204921845828949e-08,0.13377261304398105
157,4,400316,flow,5,400503,flow,11,0.0006135696727961867,0.006370153776687159,0.07680180091501937
157,4,400316,flow,5,400503,flow,12,4.8981784953389964e-05,0.0007215207982740037,0.09098176381696513
157,4,400316,flow,6,405843,flow,1,1.8896491095579628e-05,0.00030828112361368573,0.09582475946313068
157,4,400316,flow,6,405843,flow,5,0.0022655003908495022,0.018634732841717155,0.06847052468806897
157,4,400316,flow,6,405843,flow,9,0.0001564119261779807,0.001992626131196923,-0.08473635483734908
157,4,400316,flow,6,405843,flow,12,0.0011136927384324524,0.01046585301289579,0.07310288461159023
157,4,400316,flow,7,408093,flow,1,0.004823169664958612,0.033973737082376006,0.06322437244277675
157,4,400316,flow,7,408093,flow,3,0.0026627450175904068,0.021239029682405017,0.06737826371654668
157,4,400316,flow,7,408093,flow,5,0.0009845955788841097,0.009439531515267097,0.07388070763291293
157,4,400316,flow,8,401448,flow,3,0.003989221286270722,0.029299542950020005,0.06457641275153844
157,4,400316,flow,9,402391,flow,1,3.148385176876784e-12,1.4515500495312388e-10,0.15552931364265618
157,4,400316,flow,9,402391,flow,3,0.0005918257754015358,0.006180051606803565,-0.07702062673590188
157,4,400316,flow,9,402391,flow,4,0.000447685628532709,0.004876454652701217,-0.0786951153759031
157,4,400316,flow,9,402391,flow,7,0.003639677338172862,0.027221963471098967,-0.06522099830901697
157,4,400316,flow,9,402391,flow,8,0.0007133676727969707,0.00723754895839106,-0.07588177940030376
157,4,400316,flow,10,400497,flow,1,2.9135899976054065e-11,1.199876910357994e-09,0.14850656756135924
157,4,400316,flow,10,400497,flow,5,5.3944423055824216e-05,0.0007837426714867522,0.09047772407469126
157,4,400316,flow,10,400497,flow,8,3.083928851088115e-09,1.0154399875534037e-07,-0.13249623260712637
157,4,400316,flow,10,400497,flow,9,1.4969982166660418e-06,3.154649900486488e-05,-0.10772352105210609
157,4,400316,flow,10,400497,flow,11,5.638457225572821e-12,2.534665474971341e-10,0.15375033705428168
157,4,400316,flow,10,400497,flow,12,5.795912895365273e-30,7.215661010944662e-28,0.251224987693446
157,4,400316,flow,12,404520,flow,3,1.0779652822190592e-09,3.7224700393176145e-08,-0.13623519401906653
157,4,400316,flow,12,404520,flow,10,8.865599674785747e-05,0.0012126981833162052,0.08784098625188516
157,4,400316,flow,12,404520,flow,11,2.085988369803263e-08,6.117766298404683e-07,0.1253487694507098
157,4,400316,flow,12,404520,flow,12,3.841069908407196e-17,2.659202244281905e-15,0.18733012289995427
157,4,400316,flow,14,401469,flow,1,0.006184395995101522,0.041360751827557524,0.061416056303415414
157,4,400316,flow,15,401472,flow,1,7.996037951467535e-32,1.0661383935290045e-29,0.25907943641647624
157,4,400316,flow,15,401472,flow,2,2.1677773579224735e-08,6.34041854179085e-07,0.1252008731727648
157,4,400316,flow,15,401472,flow,4,0.0029332036996741703,0.022940313443500525,-0.06671691727068646
157,4,400316,flow,15,401472,flow,8,1.0964328356924107e-06,2.360045014684544e-05,-0.10910011592756268
157,4,400316,flow,15,401472,flow,9,1.0548838023127445e-16,7.098283529581084e-15,-0.18472323632434606
157,4,400316,flow,15,401472,flow,10,0.000858445970942038,0.008428378623794554,-0.07473791708941041
157,4,400316,flow,15,401472,flow,11,3.113895351190787e-08,8.958051003093211e-07,0.12379969107102255
157,4,400316,flow,15,401472,flow,12,7.035128915636943e-47,1.2663232048146497e-44,0.3146196589199507
157,4,400316,flow,16,405838,flow,1,6.567065545960069e-05,0.0009322945500672855,0.0894423105775928
157,4,400316,flow,17,400260,flow,2,1.9325892744940707e-06,3.9851005564746474e-05,0.10658187312851614
157,4,400316,flow,17,400260,flow,3,2.95648642114559e-07,7.10346014424302e-06,0.11472090069962589
157,4,400316,flow,17,400260,flow,4,6.851740201702429e-06,0.00012499796313916592,0.10074421059189978
157,4,400316,flow,17,400260,flow,5,7.567790142420944e-11,2.9693781485248394e-09,0.14537167261018538
157,4,400316,flow,17,400260,flow,6,3.350974910476991e-11,1.369556444017086e-09,0.14805137165437526
157,4,400316,flow,17,400260,flow,7,1.2173034501487129e-13,6.471454031941199e-12,0.1653429167258291
157,4,400316,flow,17,400260,flow,8,6.892725947332259e-08,1.8621998807051504e-06,0.12067010874180137
157,4,400316,flow,18,404528,flow,1,1.6794105458017005e-15,1.04539676626273e-13,0.17737722220142202
157,4,400316,flow,18,404528,flow,2,3.334030151664394e-10,1.2268322193518042e-08,0.14036278301915364
157,4,400316,flow,18,404528,flow,3,1.370733209924565e-07,3.520551407178431e-06,0.11789750429547229
157,4,400316,flow,18,404528,flow,4,0.004281197722982804,0.03093288871598213,0.06407614567046871
157,4,400316,flow,18,404528,flow,12,1.5626888571977005e-07,3.964072732292464e-06,0.11736173198915267
157,4,400316,flow,19,401795,flow,1,6.835118027028226e-05,0.0009655889429941771,0.08923036661987735
157,4,400316,flow,19,401795,flow,2,0.00037784116203216667,0.004217761808731163,0.07969732310458923
157,4,400316,flow,19,401795,flow,3,9.383577444990782e-07,2.0452600687366384e-05,0.10978218270460248
157,4,400316,flow,19,401795,flow,5,0.0014649328343101292,0.013168403096883217,0.07134568129607764
157,4,400316,flow,19,401795,flow,6,0.00014457546505895524,0.0018604885583994241,0.08517282341423053
157,4,400316,flow,19,401795,flow,9,0.0009118327126935133,0.00885393868023371,-0.07436178169533976
157,4,400316,flow,19,401795,flow,10,2.209099796671114e-07,5.4595601382260945e-06,-0.1159351012885045
157,4,400316,occupancy,0,400593,flow,5,0.006216968785325473,0.04151693484712637,-0.06137736374585773
157,4,400316,occupancy,1,400125,flow,1,1.8611514450557816e-22,1.7143228662347497e-20,0.2163048546687731
157,4,400316,occupancy,1,400125,flow,2,9.59967203947104e-15,5.62694480468316e-13,0.1725836185886826
157,4,400316,occupancy,1,400125,flow,3,3.1643011554872997e-09,1.0379484428022121e-07,0.13240255397210796
157,4,400316,occupancy,1,400125,flow,4,7.968345149373042e-07,1.762583258847493e-05,0.11049408793004489
157,4,400316,occupancy,1,400125,flow,5,0.0003580987790591848,0.004034915820385181,0.08001207034487891
157,4,400316,occupancy,1,400125,flow,9,0.0001053250797871632,0.0014099917715542144,0.08690951705840302
157,4,400316,occupancy,1,400125,flow,10,9.62945372474348e-11,3.737577726045986e-09,0.14456964940499847
157,4,400316,occupancy,1,400125,flow,11,5.019950790340319e-15,3.0203603641044817e-13,0.174382197606034
157,4,400316,occupancy,1,400125,flow,12,3.943459174972413e-10,1.4376154966988038e-08,0.1397844563676855
157,4,400316,occupancy,3,400039,flow,1,3.5113945085201756e-25,3.62033992286567e-23,0.22965270414516684
157,4,400316,occupancy,3,400039,flow,2,6.798678030845753e-14,3.708369835006775e-12,0.16703181734306782
157,4,400316,occupancy,3,400039,flow,3,9.801309830489164e-11,3.797458158539299e-09,0.14451058687574522
157,4,400316,occupancy,3,400039,flow,4,1.8608965040883948e-07,4.665741670146179e-06,0.11664408330288212
157,4,400316,occupancy,3,400039,flow,5,1.2754086978140773e-05,0.00021709084218111954,0.09775858402167038
157,4,400316,occupancy,3,400039,flow,6,0.0009245220388145862,0.008961039281308081,0.07427538481948248
157,4,400316,occupancy,3,400039,flow,9,0.00039638030436696105,0.004391800243306673,0.0794154439567721
157,4,400316,occupancy,3,400039,flow,10,5.430933633369884e-07,1.2446489812285355e-05,0.1121465367984272
157,4,400316,occupancy,3,400039,flow,11,4.6472910844138976e-10,1.675817820089152e-08,0.13921639451326676
157,4,400316,occupancy,3,400039,flow,12,1.8208082271674481e-06,3.7780458892235234e-05,0.10684923648855178
157,4,400316,occupancy,4,400316,flow,2,0.00536913300311365,0.0369106533632256,-0.06244973304826927
157,4,400316,occupancy,4,400316,flow,3,0.006886788607455892,0.04474496433179343,-0.06061958592783871
157,4,400316,occupancy,4,400316,flow,8,0.0001758773975492058,0.0021984674693650724,0.08408196084339069
157,4,400316,occupancy,4,400316,flow,9,1.5531518386728345e-13,8.16254980908351e-12,0.1646312207947547
157,4,400316,occupancy,4,400316,flow,10,2.6483337434955583e-20,2.183359116774964e-18,0.20509051316202873
157,4,400316,occupancy,4,400316,flow,11,7.090396409255365e-14,3.857747164733398e-12,0.16691058883941914
157,4,400316,occupancy,4,400316,flow,12,0.0020226120509932713,0.016999385331305312,0.06922833517858251
157,4,400316,occupancy,5,400503,flow,1,1.7594578761862626e-09,5.9196713591313504e-08,0.13452363108189275
157,4,400316,occupancy,5,400503,flow,2,5.241207896982944e-07,1.20564526703761e-05,0.11229862994874006
157,4,400316,occupancy,5,400503,flow,3,1.020913770479142e-07,2.6778066110928314e-06,0.11909349517738367
157,4,400316,occupancy,5,400503,flow,4,1.3179283368516772e-08,3.98143385678269e-07,0.12710156448096196
157,4,400316,occupancy,5,400503,flow,5,5.2307683201341685e-11,2.0845866368062367e-09,0.14659266540235033
157,4,400316,occupancy,5,400503,flow,6,1.9536581688557463e-10,7.426478703870877e-09,0.1421884481184037
157,4,400316,occupancy,5,400503,flow,7,4.695155991274214e-10,1.6902561568587173e-08,0.13918087410769017
157,4,400316,occupancy,5,400503,flow,8,2.280368806578261e-11,9.527266193827937e-10,0.14930072731909094
157,4,400316,occupancy,5,400503,flow,9,2.8829449846352696e-16,1.8813175730550403e-14,0.18209028456315976
157,4,400316,occupancy,5,400503,flow,10,2.245974159084764e-22,2.0469637905582658e-20,0.21589112996189713
157,4,400316,occupancy,5,400503,flow,11,3.859913021396897e-25,3.951380154605354e-23,0.22945760738353585
157,4,400316,occupancy,5,400503,flow,12,4.181594820090094e-18,3.056597228898343e-16,0.19292339436641148
157,4,400316,occupancy,6,405843,flow,1,2.5526168894874655e-15,1.5575289495177756e-13,0.176238255236322
157,4,400316,occupancy,6,405843,flow,2,1.1968042019952963e-12,5.7767532431504804e-11,0.15849917326954577
157,4,400316,occupancy,6,405843,flow,3,3.366609530800979e-11,1.370759017253556e-09,0.14803619817912672
157,4,400316,occupancy,6,405843,flow,4,1.158621515170902e-14,6.727479765508463e-13,0.17205818903739414
157,4,400316,occupancy,6,405843,flow,5,2.3777042962967177e-15,1.4611212745379545e-13,0.17643189460510061
157,4,400316,occupancy,6,405843,flow,6,3.434471989158608e-10,1.260570857533151e-08,0.1402607046092138
157,4,400316,occupancy,6,405843,flow,7,6.478253116042567e-07,1.4599614093987025e-05,0.11138935919663312
157,4,400316,occupancy,6,405843,flow,8,1.4753337563334311e-08,4.419862570985036e-07,0.1266730911474028
157,4,400316,occupancy,6,405843,flow,9,5.741835779786015e-17,3.937258820424696e-15,0.18629729436497072
157,4,400316,occupancy,6,405843,flow,10,4.871141924537304e-31,6.262896760119391e-29,0.2557990624696894
157,4,400316,occupancy,6,405843,flow,11,2.474660399507154e-35,3.686390664093415e-33,0.2732058769240053
157,4,400316,occupancy,6,405843,flow,12,1.4648662550356014e-22,1.3638409960676288e-20,0.2168306875320077
157,4,400316,occupancy,7,408093,flow,1,4.589617791273789e-06,8.703752791177686e-05,0.10262633052262789
157,4,400316,occupancy,7,408093,flow,2,6.8337864805806e-07,1.5312218670180597e-05,0.11115897299071474
157,4,400316,occupancy,7,408093,flow,3,4.6860512378953576e-08,1.3018483181805753e-06,0.1221996525148547
157,4,400316,occupancy,7,408093,flow,4,8.128574335531465e-07,1.7943505942511974e-05,0.11040762825906626
157,4,400316,occupancy,7,408093,flow,5,3.923030042151586e-06,7.575990067990546e-05,0.1033546398065554
157,4,400316,occupancy,7,408093,flow,6,7.551696196569212e-05,0.0010514690844187636,0.0887001720800448
157,4,400316,occupancy,7,408093,flow,7,7.799921606385005e-05,0.0010831135113977249,0.0885275557037437
157,4,400316,occupancy,7,408093,flow,8,5.469819250150199e-05,0.0007934727723522115,0.09040503672657862
157,4,400316,occupancy,7,408093,flow,9,6.5627959109025025e-06,0.00012018346051334807,0.1009481691498052
157,4,400316,occupancy,7,408093,flow,10,2.302464008684586e-06,4.676372598738792e-05,0.10579232348301698
157,4,400316,occupancy,7,408093,flow,11,3.297524328224496e-05,0.0005068786455078224,0.09302205692114829
157,4,400316,occupancy,7,408093,flow,12,2.3744153358515084e-05,0.0003775294166683296,0.09468456393732967
157,4,400316,occupancy,8,401448,flow,1,4.560826712626784e-05,0.0006777790964304828,0.09135281928631715
157,4,400316,occupancy,8,401448,flow,2,1.4638228976554883e-06,3.0922811334335985e-05,0.10782314881075443
157,4,400316,occupancy,8,401448,flow,3,4.903669129010359e-05,0.0007215207982740037,0.09097592722276854
157,4,400316,occupancy,8,401448,flow,4,2.3479545714293832e-05,0.000374286485187267,0.09474081599644744
157,4,400316,occupancy,8,401448,flow,5,0.00010238068963581909,0.0013761187903756642,0.08706343454359686
157,4,400316,occupancy,8,401448,flow,6,0.0029046315628196875,0.02277315490268793,0.06678409265156651
157,4,400316,occupancy,8,401448,flow,10,0.0008143407704210359,0.008072400477785395,0.07506538457029945
157,4,400316,occupancy,8,401448,flow,11,1.8927479571335238e-07,4.737352940218322e-06,0.11657411984851271
157,4,400316,occupancy,8,401448,flow,12,3.6980606156282647e-08,1.0517196747540554e-06,0.12312906995791663
157,4,400316,occupancy,9,402391,flow,1,1.6610803585364652e-12,7.86827538254115e-11,0.15753819266343827
157,4,400316,occupancy,9,402391,flow,2,3.543661457804278e-07,8.425216014152163e-06,0.11395982358199809
157,4,400316,occupancy,9,402391,flow,3,7.063832554030161e-05,0.0009939985874075014,0.0890556505120963
157,4,400316,occupancy,9,402391,flow,4,0.0021272385130110664,0.017699673297780827,0.06889220353759214
157,4,400316,occupancy,9,402391,flow,5,0.0060385509168780745,0.040588983913043844,0.061591583487778344
157,4,400316,occupancy,9,402391,flow,7,0.002159256120380411,0.017910880261219998,0.06879236715749128
157,4,400316,occupancy,9,402391,flow,9,8.05934442743375e-06,0.00014470643360978304,0.09997227294095754
157,4,400316,occupancy,9,402391,flow,10,6.759865262769357e-10,2.3780633497690244e-08,0.13791153808097756
157,4,400316,occupancy,9,402391,flow,11,3.2120350421784448e-12,1.476169295979881e-10,0.15550595898293484
157,4,400316,occupancy,9,402391,flow,12,3.338884121735356e-08,9.558634463814935e-07,0.12352801413450766
157,4,400316,occupancy,10,400497,flow,3,5.476589305414392e-18,3.963500069248052e-16,0.1922520612433544
157,4,400316,occupancy,10,400497,flow,4,1.529043526807233e-28,1.7998550506286773e-26,0.24503331976450052
157,4,400316,occupancy,10,400497,flow,5,2.287129805207954e-11,9.537066369206913e-10,0.1492911582367787
157,4,400316,occupancy,10,400497,flow,8,4.028603641251064e-15,2.4374744720174506e-13,0.17498820350271158
157,4,400316,occupancy,10,400497,flow,9,5.272713499229387e-72,1.3016069895240544e-69,0.3871087410065584
157,4,400316,occupancy,10,400497,flow,10,1.9109676446905108e-117,8.423857372513272e-115,0.4845443916754352
157,4,400316,occupancy,10,400497,flow,11,2.454165588030409e-80,6.54444156808109e-78,0.4075465637631075
157,4,400316,occupancy,10,400497,flow,12,8.093711880394625e-09,2.524536846447999e-07,0.12893715682277168
157,4,400316,occupancy,12,404520,flow,2,0.00039485490859782055,0.004378267980345444,-0.07943816698918614
157,4,400316,occupancy,12,404520,flow,4,0.003914149899652735,0.028879807970110697,0.06471040052726774
157,4,400316,occupancy,12,404520,flow,5,1.0443733599392267e-06,2.2569567716121194e-05,0.10931366746533983
157,4,400316,occupancy,12,404520,flow,6,7.181477931070784e-08,1.924564805348994e-06,0.12050633107004148
157,4,400316,occupancy,12,404520,flow,7,9.4424621739984e-09,2.917842388531694e-07,0.12835966075418448
157,4,400316,occupancy,12,404520,flow,8,1.2790945214570727e-15,8.066698295904458e-14,0.17811391637561058
157,4,400316,occupancy,12,404520,flow,9,4.27793710088272e-25,4.358652895238998e-23,0.2292454099735534
157,4,400316,occupancy,12,404520,flow,10,5.4787868130878146e-27,6.068810008343425e-25,0.23805700396262644
157,4,400316,occupancy,12,404520,flow,11,3.6917018119134866e-11,1.497479044832513e-09,0.1477353907891506
157,4,400316,occupancy,14,401469,flow,1,0.0026308947084239995,0.021036942871112966,0.06746014200539495
157,4,400316,occupancy,14,401469,flow,2,0.0011968086157803717,0.01110440983713747,0.07264510002990768
157,4,400316,occupancy,14,401469,flow,3,0.00015967603318811286,0.0020264408442204687,0.08462145789263224
157,4,400316,occupancy,14,401469,flow,4,1.880991316413392e-06,3.889843220155986e-05,0.10670339033495116
157,4,400316,occupancy,14,401469,flow,5,5.884044203972357e-07,1.338550340240157e-05,0.11180306475383063
157,4,400316,occupancy,14,401469,flow,6,7.103203534501829e-05,0.0009985148555855432,0.08902611551647399
157,4,400316,occupancy,14,401469,flow,7,0.0008805741685414834,0.008598735099681754,0.07457945428973298
157,4,400316,occupancy,14,401469,flow,8,4.1630823158269445e-05,0.0006253308624607928,0.09182527741562935
157,4,400316,occupancy,14,401469,flow,9,1.167711403881523e-05,0.00020081661085860584,0.09818766662106142
157,4,400316,occupancy,14,401469,flow,10,2.4087732202172533e-07,5.899036457674906e-06,0.11557584130577543
157,4,400316,occupancy,14,401469,flow,11,9.365140489097617e-12,4.094879242196529e-10,0.15214977953850592
157,4,400316,occupancy,14,401469,flow,12,3.995107374038675e-09,1.2996132421571594e-07,0.13155067106318147
157,4,400316,occupancy,15,401472,flow,1,4.1714808938134253e-22,3.7700413098899575e-20,0.21452214389756583
157,4,400316,occupancy,15,401472,flow,3,0.0008669548991772993,0.008496472696111463,-0.07467654060421433
157,4,400316,occupancy,15,401472,flow,7,0.0017048573649473002,0.014851547723756025,-0.07035703044466687
157,4,400316,occupancy,15,401472,flow,9,1.2498783573674824e-37,2.0222750950664884e-35,0.28201458350697384
157,4,400316,occupancy,15,401472,flow,10,9.260153070830597e-124,4.3014904587084066e-121,0.4958829772144292
157,4,400316,occupancy,15,401472,flow,11,2.867894712082026e-153,1.7207368272492158e-150,0.5438359382355664
157,4,400316,occupancy,15,401472,flow,12,2.7584702649839412e-50,5.272828117137445e-48,0.32565506008455597
157,4,400316,occupancy,16,405838,flow,1,1.8785754207118554e-17,1.3304009536844615e-15,0.1891530219038341
157,4,400316,occupancy,16,405838,flow,2,1.4091636951733365e-13,7.43295135915606e-12,0.1649157808553247
157,4,400316,occupancy,16,405838,flow,3,2.9057781363020346e-10,1.0830855520987739e-08,0.14083463830479387
157,4,400316,occupancy,16,405838,flow,4,1.9032016867583703e-09,6.368575745000897e-08,0.13424174332750088
157,4,400316,occupancy,16,405838,flow,5,7.413376497232188e-08,1.976900399261917e-06,0.1203793510265857
157,4,400316,occupancy,16,405838,flow,6,0.0003501415579299853,0.0039597160477945976,0.08014353656232209
157,4,400316,occupancy,17,400260,flow,1,1.3035615201608668e-28,1.5513459413484697e-26,0.24533920452129968
157,4,400316,occupancy,17,400260,flow,2,1.6120200802908578e-30,2.054255677538792e-28,0.2536001647628568
157,4,400316,occupancy,17,400260,flow,3,4.7140769347169853e-35,6.880004174992357e-33,0.2721099079897044
157,4,400316,occupancy,17,400260,flow,4,2.5466817273614016e-31,3.333837897636744e-29,0.25698184933295654
157,4,400316,occupancy,17,400260,flow,5,9.377819548499249e-27,1.0230348598362818e-24,0.23698967722069755
157,4,400316,occupancy,17,400260,flow,6,1.0396727567037408e-19,8.474313790490869e-18,0.2018799427696214
157,4,400316,occupancy,17,400260,flow,7,3.2664589037185126e-13,1.658178902945238e-11,0.16244001219778434
157,4,400316,occupancy,17,400260,flow,8,5.923138618489835e-09,1.8787047600496394e-07,0.13009928813370558
157,4,400316,occupancy,17,400260,flow,9,7.216789448701924e-08,1.9316313766042324e-06,0.1204867417233156
157,4,400316,occupancy,17,400260,flow,10,2.6735384253297026e-14,1.4845354752473414e-12,0.16970204099656877
157,4,400316,occupancy,17,400260,flow,11,5.675642462111446e-23,5.388741854136582e-21,0.21889964713329896
157,4,400316,occupancy,17,400260,flow,12,2.8686891918233085e-36,4.425977610241676e-34,0.27683428548386363
157,4,400316,occupancy,18,404528,flow,1,6.849562766957457e-15,4.047894822606869e-13,0.17352245323136345
157,4,400316,occupancy,18,404528,flow,2,3.1264185019314724e-08,8.980138250228698e-07,0.12378407640387484
157,4,400316,occupancy,18,404528,flow,3,8.089745674089231e-05,0.0011161833699158568,0.08833246077226253
157,4,400316,occupancy,18,404528,flow,4,0.001049072985872128,0.009945129029992523,0.07348115572765779
157,4,400316,occupancy,18,404528,flow,5,0.0006946406567704528,0.0070791404511638505,0.07604489906922432
157,4,400316,occupancy,18,404528,flow,6,0.00031473940889321125,0.0036140030042091467,0.08076452936521725
157,4,400316,occupancy,18,404528,flow,7,0.0006370112098201808,0.006570889270351436,0.07657382454457365
157,4,400316,occupancy,18,404528,flow,8,0.0007907551452702843,0.007885646878041616,0.07524731068208877
157,4,400316,occupancy,18,404528,flow,9,4.529160789408857e-06,8.604210470644794e-05,0.10268805779739593
157,4,400316,occupancy,18,404528,flow,10,1.705357471095856e-08,5.073790823095109e-07,0.12612074698480297
157,4,400316,occupancy,18,404528,flow,11,2.3345002639841583e-08,6.800432326642996e-07,0.12491545759887568
157,4,400316,occupancy,18,404528,flow,12,2.6942337967900354e-06,5.393461539449932e-05,0.10507907705292406
157,4,400316,occupancy,19,401795,flow,1,4.949022165134564e-16,3.176786887575233e-14,0.18065860633006933
157,4,400316,occupancy,19,401795,flow,2,9.578912821252192e-09,2.953669049807956e-07,0.1283057741547606
157,4,400316,occupancy,19,401795,flow,3,1.144773039857008e-05,0.00019742193741246604,0.09828391874558555
157,4,400316,occupancy,19,401795,flow,4,0.00014212727373748895,0.001831165590653004,0.08526728362096601
157,4,400316,occupancy,19,401795,flow,11,1.059607739778286e-07,2.770887067701087e-06,0.11894313708600318
157,4,400316,occupancy,19,401795,flow,12,5.7565934526105455e-11,2.2815122674566565e-09,0.1462769853939997
157,4,400316,speed,4,400316,flow,10,0.0014994004338016607,0.01340523566643869,-0.0711948669725304
157,4,400316,speed,4,400316,flow,11,0.0006881749693181755,0.007021181422236679,-0.07610216728849141
157,4,400316,speed,10,400497,flow,11,0.00043591678616864527,0.0047681947104584324,-0.07885327406681093
157,4,400316,speed,12,404520,flow,3,0.002870416024877482,0.022578654820594905,0.06686533368776515
157,4,400316,speed,12,404520,flow,10,0.0004337828389967486,0.004748965698089088,-0.07888237756422709
157,4,400316,speed,12,404520,flow,11,0.0014472788440325205,0.013058154983752065,-0.07142419689223041
157,4,400316,speed,14,401469,flow,6,0.006108316802528922,0.04100051054525317,-0.06150714847431874
157,4,400316,speed,15,401472,flow,11,0.0003438008683236228,0.0038992379920137848,-0.0802503096246453
157,4,400316,speed,15,401472,flow,12,1.2454765854118484e-05,0.00021266635766716146,-0.09787426280151602
157,4,400316,speed,17,400260,flow,1,0.0004886694267006904,0.005243546754463443,-0.07817306031703865
157,4,400316,speed,17,400260,flow,2,2.1040737143997957e-05,0.00033941741770750997,-0.09528967372616141
157,4,400316,speed,17,400260,flow,3,4.879496316777007e-06,9.192945524848091e-05,-0.1023407712662451
157,4,400316,speed,17,400260,flow,4,0.00017558512566233302,0.002196720946600865,-0.08409127210127343
157,4,400316,speed,17,400260,flow,5,0.00013008512497900926,0.0016972749619731805,-0.08575543827875069
157,4,400316,speed,17,400260,flow,6,0.0020192617854713373,0.016981786257782176,-0.06923935977201695
157,4,400316,speed,17,400260,flow,7,0.002502205078861512,0.020193397983713304,-0.06780046628362417
157,4,400316,speed,19,401795,flow,2,1.902095776490342e-06,3.929724416278468e-05,-0.10665330552387876
157,4,400316,speed,19,401795,flow,3,0.0017510849150575941,0.015187539371938256,-0.07018138313244462
157,5,400503,flow,1,400125,flow,1,0.00018713724766864943,0.002322415713670111,0.08373387625738603
157,5,400503,flow,2,400331,flow,12,0.0020776017610811327,0.01737031083388909,0.0690497351782585
157,5,400503,flow,3,400039,flow,3,0.00343633803361948,0.026043825096905535,0.06562234919800777
157,5,400503,flow,4,400316,flow,1,0.006436118630105722,0.042579662612425094,0.061121681741982826
157,5,400503,flow,4,400316,flow,10,0.006399466824452605,0.04237550725927688,0.061163892740439665
157,5,400503,flow,4,400316,flow,11,0.001464984844528258,0.013168403096883217,0.07134545127229801
157,5,400503,flow,5,400503,flow,1,2.0562276883645987e-83,5.8058193553823965e-81,0.41446108097520895
157,5,400503,flow,5,400503,flow,2,8.200473278542841e-33,1.1391011113602917e-30,0.26302018424095625
157,5,400503,flow,5,400503,flow,3,5.970929187794365e-06,0.00011051591298745354,0.10136880743774485
157,5,400503,flow,5,400503,flow,7,6.595812420016679e-05,0.0009354533701402513,0.08941919321194867
157,5,400503,flow,6,405843,flow,6,0.007722688074057368,0.04893601039004193,0.05976172606125938
157,5,400503,flow,6,405843,flow,7,0.0031487501426882706,0.024277352519031462,0.06622855171201744
157,5,400503,flow,6,405843,flow,11,0.004261143105367715,0.030824076046866253,0.06410950189678502
157,5,400503,flow,6,405843,flow,12,1.602412535580047e-05,0.00026563400436323113,0.0966402194055588
157,5,400503,flow,7,408093,flow,1,0.004184231701453083,0.030415414690017364,0.06423875954684961
157,5,400503,flow,7,408093,flow,7,0.002051979513945402,0.017192691040039055,0.06913240704479716
157,5,400503,flow,8,401448,flow,1,1.7833517970178857e-05,0.00029215319541589936,0.09611183540212953
157,5,400503,flow,8,401448,flow,2,0.0021103205555718335,0.01758600462976528,0.06894551391463982
157,5,400503,flow,8,401448,flow,4,0.0023935057750553946,0.019414091153284463,0.06810062883466346
157,5,400503,flow,8,401448,flow,5,0.0007634713949847213,0.007650761987369288,0.07546414881329658
157,5,400503,flow,9,402391,flow,1,0.0004336397412909258,0.004748602490182001,0.07888433395463507
157,5,400503,flow,10,400497,flow,5,0.002884823416013799,0.022654857584402128,0.06683101783080565
157,5,400503,flow,10,400497,flow,10,0.005195691591204178,0.03595288751241719,0.06268779253190317
157,5,400503,flow,10,400497,flow,11,1.3710117646494679e-09,4.6820322713720955e-08,0.13541520377513497
157,5,400503,flow,10,400497,flow,12,0.0001690690620690268,0.0021262834006934373,0.08430273661901146
157,5,400503,flow,11,405841,flow,5,0.005278080467525679,0.03638920678000832,0.06257382832761299
157,5,400503,flow,11,405841,flow,10,0.0006852769565969459,0.006996919055775955,0.07612799807239408
157,5,400503,flow,12,404520,flow,10,9.13693567801918e-05,0.001243982418186034,0.0876786529060663
157,5,400503,flow,12,404520,flow,11,0.0026289898417409504,0.021034376814406487,0.06746506753203291
157,5,400503,flow,13,400183,flow,2,5.155210987104977e-05,0.0007526364131224569,0.090714961807478
157,5,400503,flow,13,400183,flow,7,0.0059787506365928935,0.04024965365448231,0.061664659380277285
157,5,400503,flow,13,400183,flow,12,8.86785546549975e-05,0.0012126981833162052,0.08783961744377296
157,5,400503,flow,14,401469,flow,2,0.006227350522899204,0.04156056582562114,0.06136506981573248
157,5,400503,flow,14,401469,flow,3,0.0003735312676875632,0.0041782886494310546,0.07976470130713538
157,5,400503,flow,14,401469,flow,5,0.00011258122866880999,0.0014955439970764427,0.08654686753467346
157,5,400503,flow,14,401469,flow,8,0.005792223560644071,0.03921392537530542,0.06189690123341602
157,5,400503,flow,14,401469,flow,12,6.823252479423314e-05,0.0009642280245701249,0.08923958087515557
157,5,400503,flow,15,401472,flow,1,2.497044820355124e-07,6.087603625244997e-06,0.11542610174336473
157,5,400503,flow,15,401472,flow,8,0.002723400310628343,0.02160317543502468,-0.06722477923753363
157,5,400503,flow,15,401472,flow,9,0.0010026934575527344,0.00957690854881232,-0.07376617175654489
157,5,400503,flow,15,401472,flow,11,3.5309469615022863e-08,1.0081752064567003e-06,0.12330978555020805
157,5,400503,flow,15,401472,flow,12,3.7799464963933173e-06,7.325872079147209e-05,0.10352636238919247
157,5,400503,flow,16,405838,flow,1,0.00015598952632312588,0.001988417685794936,0.08475138782796758
157,5,400503,flow,16,405838,flow,10,0.000911648711009737,0.00885393868023371,-0.07436304266365582
157,5,400503,flow,17,400260,flow,1,0.0062350603455489425,0.041589629424542376,0.061355951860602255
157,5,400503,flow,17,400260,flow,2,0.00011509167063583877,0.0015232721113566897,0.08642651627083904
157,5,400503,flow,17,400260,flow,3,1.7707352411403406e-05,0.00029063739520236595,0.09614698421336988
157,5,400503,flow,17,400260,flow,4,0.00015265871104960362,0.0019505638323995495,0.08487128925612031
157,5,400503,flow,17,400260,flow,6,0.0003120288441889931,0.0035859659667370316,0.08081473160467458
157,5,400503,flow,17,400260,flow,7,0.0005145390847900185,0.005487062074285065,0.07786415973694302
157,5,400503,flow,18,404528,flow,1,2.8858273550863154e-06,5.731850194930061e-05,0.10476580684564636
157,5,400503,flow,19,401795,flow,2,0.00017863420684536828,0.002227770708926071,0.0839948422417815
157,5,400503,flow,19,401795,flow,3,0.007763108248253276,0.04912352077406496,0.05972239049969394
157,5,400503,flow,19,401795,flow,4,0.00115783658924683,0.010821839172536358,0.07285596682381998
157,5,400503,flow,19,401795,flow,10,0.007323791484693839,0.04698363411624204,-0.06016013514979306
157,5,400503,occupancy,5,400503,flow,3,0.00478966906936088,0.03377080199059736,-0.063274445268808
157,5,400503,occupancy,14,401469,flow,3,7.331233402523982e-08,1.95862265299342e-06,0.12042388454794534
157,5,400503,occupancy,16,405838,flow,8,1.5922417469543348e-05,0.0002641507045638528,-0.09667158246096276
157,5,400503,occupancy,16,405838,flow,10,0.0005985702136111516,0.006239597260942746,-0.07695196316457885
157,5,400503,occupancy,17,400260,flow,3,0.0007409884428423545,0.007472152364796853,0.07564830514760434
157,5,400503,occupancy,17,400260,flow,4,0.0007731862459846445,0.0077307977709697535,0.07538612756724304
157,5,400503,occupancy,19,401795,flow,2,0.00032636935878478245,0.003726041915039387,0.0805536219267306
157,5,400503,speed,3,400039,flow,9,0.004869467077105471,0.03423713675195481,-0.06315568750501865
157,5,400503,speed,5,400503,flow,4,0.0035898047236208094,0.026951610020927868,0.0653175136200403
157,5,400503,speed,6,405843,flow,9,0.00022443470982369627,0.0027234773776358646,0.08270681559807166
157,5,400503,speed,11,405841,flow,1,0.0007194150345088894,0.007285215539330525,0.07582995316288177
157,5,400503,speed,14,401469,flow,3,0.0011232746364290313,0.010538310152032401,-0.07304852973730967
157,5,400503,speed,18,404528,flow,5,0.007346172559836909,0.04709160148775288,-0.060137272496302636
157,5,400503,speed,19,401795,flow,8,0.006763063032370177,0.044160266474968506,0.06075441963640717
157,6,405843,flow,1,400125,flow,1,0.004812244904392324,0.033907842092602905,0.06324066686593882
157,6,405843,flow,1,400125,flow,2,6.813449804913051e-05,0.0009631578258254051,0.08924720463038988
157,6,405843,flow,1,400125,flow,7,0.00759808616618742,0.04835552775181151,0.05988415553331728
157,6,405843,flow,1,400125,flow,12,0.0003448220261001919,0.003909793051844696,0.08023299029000151
157,6,405843,flow,2,400331,flow,1,0.000494145837078799,0.005295733108857384,-0.07810641780575768
157,6,405843,flow,3,400039,flow,1,1.2391795032442836e-05,0.0002116747905897709,0.09789893637219549
157,6,405843,flow,3,400039,flow,3,0.00017911355678747296,0.0022331040846230396,0.08397982324262754
157,6,405843,flow,3,400039,flow,6,0.00013708411226317317,0.0017767877737080951,0.0854667922656443
157,6,405843,flow,3,400039,flow,7,0.007390486632172005,0.04729746145106755,0.060092188522763
157,6,405843,flow,3,400039,flow,11,0.0006019526656739026,0.0062691309443376544,0.07691779769704354
157,6,405843,flow,3,400039,flow,12,0.00033408631739001963,0.003803037921277694,0.08041752146817395
157,6,405843,flow,4,400316,flow,11,0.0056586862549726814,0.03849688916768817,0.06206734176887669
157,6,405843,flow,4,400316,flow,12,4.713964444556683e-05,0.0006971696816324845,0.09118126681906558
157,6,405843,flow,5,400503,flow,2,0.0003342460391280063,0.0038038537645758356,0.0804147356988274
157,6,405843,flow,5,400503,flow,7,0.00021902394938283403,0.002669817893154185,0.08284539423456673
157,6,405843,flow,5,400503,flow,9,0.007118617273440093,0.04593342288463212,0.06037269490355753
157,6,405843,flow,5,400503,flow,11,8.774791405372634e-05,0.0012018737752444446,0.08789636331193078
157,6,405843,flow,6,405843,flow,1,3.8557704546427053e-69,9.253849091142493e-67,0.37964710910387767
157,6,405843,flow,6,405843,flow,2,8.995475751018687e-26,9.484402227825687e-24,0.23238363011902682
157,6,405843,flow,6,405843,flow,3,5.284620555167859e-15,3.175182308529228e-13,0.17419711989036857
157,6,405843,flow,6,405843,flow,4,4.891902549598731e-07,1.132530493797777e-05,0.11259306993840097
157,6,405843,flow,6,405843,flow,5,1.6499400610570826e-11,7.043222395026282e-10,0.15034299361539408
157,6,405843,flow,6,405843,flow,6,3.403135894295415e-05,0.0005204087456055289,0.09286102242319369
157,6,405843,flow,6,405843,flow,7,4.253286675318457e-10,1.5440502888551037e-08,0.1395231231766882
157,6,405843,flow,6,405843,flow,9,0.00016809432411192123,0.0021152562777847356,0.08433502627043671
157,6,405843,flow,6,405843,flow,11,3.642597175357463e-05,0.0005535005204904763,0.09251279155346474
157,6,405843,flow,6,405843,flow,12,1.0986890709155034e-06,2.361361585251231e-05,0.10909108270630746
157,6,405843,flow,7,408093,flow,1,0.00044661906339154835,0.004866063944139946,0.07868951593045168
157,6,405843,flow,7,408093,flow,2,1.0786050933177523e-05,0.00018728191330919173,0.0985475251157464
157,6,405843,flow,7,408093,flow,3,5.122771811649602e-07,1.180367127581139e-05,0.1123962868442594
157,6,405843,flow,7,408093,flow,4,0.0005190594632480535,0.005526503173206308,0.07781167351032452
157,6,405843,flow,7,408093,flow,5,5.12298788377525e-06,9.605602282078595e-05,0.10211318740421388
157,6,405843,flow,7,408093,flow,7,0.0005568314331513108,0.005861383506855902,0.0773890234780519
157,6,405843,flow,7,408093,flow,10,0.0009589010238326438,0.009234178383765093,0.07404671247330429
157,6,405843,flow,7,408093,flow,12,0.0005880426252271979,0.00614797710789326,0.07705946141915651
157,6,405843,flow,8,401448,flow,2,9.909176063508786e-05,0.0013381569426182544,0.08724037875534037
157,6,405843,flow,8,401448,flow,4,0.004944031707071378,0.03463869116858312,0.0630462976722867
157,6,405843,flow,9,402391,flow,1,3.8080663193267584e-05,0.0005768178997016688,0.09228463428686216
157,6,405843,flow,9,402391,flow,2,9.311840016373746e-07,2.031151397940567e-05,0.10981569990830346
157,6,405843,flow,9,402391,flow,3,0.002707584005396987,0.02152444194951544,0.06726449823426064
157,6,405843,flow,9,402391,flow,6,0.0026909503523794786,0.021428397276090964,0.06730649901375459
157,6,405843,flow,9,402391,flow,7,5.312305844944129e-05,0.0007729592876442788,0.09055803278406058
157,6,405843,flow,9,402391,flow,9,0.0007967210652840245,0.007928668514229409,0.07520082231429136
157,6,405843,flow,10,400497,flow,1,0.0016020463384809182,0.014141479734854039,0.07076392242495787
157,6,405843,flow,10,400497,flow,5,3.1165602290140713e-09,1.024622541045722e-07,0.1324579156278296
157,6,405843,flow,10,400497,flow,6,3.5721621176719017e-06,6.966925665165967e-05,0.10378716174042564
157,6,405843,flow,10,400497,flow,10,2.3891328103202325e-07,5.860905020206362e-06,0.11560987811558336
157,6,405843,flow,10,400497,flow,11,2.1738046942729567e-13,1.1259995538680063e-11,0.16364401129839384
157,6,405843,flow,10,400497,flow,12,1.7450768367294762e-21,1.5260590960873154e-19,0.21132123904325478
157,6,405843,flow,11,405841,flow,5,0.00046835543484034065,0.005061050541627351,0.07842649620260767
157,6,405843,flow,11,405841,flow,11,0.0065350818854473655,0.04307530324249713,0.061008778305842504
157,6,405843,flow,12,404520,flow,3,0.004499971997202365,0.03216925207333148,-0.06372117925147493
157,6,405843,flow,12,404520,flow,6,5.1148382446476607e-05,0.0007482594384313543,0.0907560232276662
157,6,405843,flow,12,404520,flow,10,0.002208567675131023,0.018232395101406496,0.06864122691750707
157,6,405843,flow,12,404520,flow,11,0.0002792715861153044,0.0032804757862646226,0.08145600861382529
157,6,405843,flow,12,404520,flow,12,9.046019376733534e-06,0.00016015903158806912,0.09941964008205613
157,6,405843,flow,13,400183,flow,6,0.004040793537015439,0.029596860088007285,0.0644856857134831
157,6,405843,flow,14,401469,flow,1,3.4349301942754436e-05,0.0005243427010342726,0.09281347147681533
157,6,405843,flow,14,401469,flow,2,0.00029256792230971865,0.0034067208204258343,0.08118763396497736
157,6,405843,flow,14,401469,flow,3,0.0029112065185092043,0.022804011169464667,0.06676858119377396
157,6,405843,flow,14,401469,flow,4,0.0008838882392177609,0.008623306325180878,0.07455604011904546
157,6,405843,flow,14,401469,flow,7,0.0032587656478728537,0.024974042218929796,0.06599091988498783
157,6,405843,flow,14,401469,flow,8,0.00010681401865818415,0.001427270524600543,0.08683322136206259
157,6,405843,flow,14,401469,flow,11,3.1609437894359357e-12,1.4557864787167637e-10,0.1555556911442694
157,6,405843,flow,15,401472,flow,1,1.3682930967452567e-17,9.786467182019054e-16,0.1899549628100723
157,6,405843,flow,15,401472,flow,3,0.0001264859650441363,0.0016543123493511017,-0.08590961504769752
157,6,405843,flow,15,401472,flow,4,0.0007344251626170609,0.007418089086990188,-0.075703042666767
157,6,405843,flow,15,401472,flow,6,0.001049906954464731,0.0099486686626182,0.07347613819433553
157,6,405843,flow,15,401472,flow,11,1.762636762002314e-10,6.732617870778069e-09,0.14253723450820088
157,6,405843,flow,15,401472,flow,12,1.4765454007128066e-19,1.1922759123512756e-17,0.20104760168274885
157,6,405843,flow,16,405838,flow,1,2.890361096822226e-07,6.956189380652934e-06,0.11481559068342827
157,6,405843,flow,16,405838,flow,2,0.001910432469056663,0.016265408487041357,0.06960692845214078
157,6,405843,flow,16,405838,flow,4,0.002841094219002365,0.02238877604175523,0.06693566107619243
157,6,405843,flow,16,405838,flow,5,3.465853828836382e-05,0.0005286895671106345,0.09276762170908241
157,6,405843,flow,16,405838,flow,6,1.4977639708392821e-05,0.0002503843873258172,0.09697239556447147
157,6,405843,flow,16,405838,flow,8,0.0017689404632287658,0.01529894454684338,0.07011467745254929
157,6,405843,flow,16,405838,flow,11,0.0048949493629311955,0.03438403454937035,0.06311813452621089
157,6,405843,flow,16,405838,flow,12,9.429786302915488e-05,0.0012786150919207443,0.0875084759439662
157,6,405843,flow,17,400260,flow,1,6.373929549619096e-06,0.00011702242097048234,0.10108617769442765
157,6,405843,flow,17,400260,flow,2,2.1792714167094906e-06,4.4365940245923654e-05,0.1060408508723678
157,6,405843,flow,17,400260,flow,3,1.329524626608884e-11,5.75505649995028e-10,0.15103441128710124
157,6,405843,flow,17,400260,flow,4,0.003114970618614722,0.02409862656234885,0.06630303321022671
157,6,405843,flow,17,400260,flow,5,6.415699546287243e-05,0.0009135076479881638,0.0895656359525329
157,6,405843,flow,17,400260,flow,6,8.196276335551334e-06,0.0001467381424350674,0.09989183506983441
157,6,405843,flow,17,400260,flow,7,7.700805127821686e-07,1.709531251397209e-05,0.11064225287211686
157,6,405843,flow,17,400260,flow,8,7.63644792425012e-06,0.00013791578190953393,0.10022920479282366
157,6,405843,flow,17,400260,flow,10,0.00014522384350512769,0.0018676130611759243,0.08514805872644314
157,6,405843,flow,17,400260,flow,12,2.08737158049715e-07,5.1973747710361315e-06,0.11616983922741737
157,6,405843,flow,18,404528,flow,1,1.7880502165880023e-05,0.0002927009069973539,0.09609880641320535
157,6,405843,flow,18,404528,flow,2,0.007472204611110738,0.04772312820815847,0.06000968247119092
157,6,405843,flow,19,401795,flow,1,8.188496651671008e-09,2.5485810904336276e-07,0.12889362155755435
157,6,405843,flow,19,401795,flow,2,0.00013412293930156348,0.0017457399752418025,0.0855871809800317
157,6,405843,flow,19,401795,flow,3,0.0010593632580737716,0.010022884964692714,0.0734195011064439
157,6,405843,flow,19,401795,flow,4,0.001126564681286436,0.010559252382637023,0.0730299651809146
157,6,405843,flow,19,401795,flow,6,0.006462544910277546,0.04272756965472758,0.0610913811052875
157,6,405843,flow,19,401795,flow,7,0.0037495211993365195,0.027874602617679857,0.06501259302622028
157,6,405843,occupancy,1,400125,flow,1,0.00021046151893880084,0.0025764110055888708,0.08307139660717673
157,6,405843,occupancy,1,400125,flow,2,0.004619071372353903,0.03278736169662974,0.0635344562633117
157,6,405843,occupancy,1,400125,flow,11,4.7469132739088515e-05,0.0007015622765407539,0.09114504706030507
157,6,405843,occupancy,1,400125,flow,12,0.00024558174811080305,0.0029439618681952277,0.08219366466109293
157,6,405843,occupancy,2,400331,flow,1,1.6947534874863453e-08,5.049196597200698e-07,0.12611304149185992
157,6,405843,occupancy,3,400039,flow,1,0.00010196823410975365,0.0013714283043403976,0.08708532814006195
157,6,405843,occupancy,3,400039,flow,2,0.0035140895071890336,0.026502909691090478,0.06546639599047822
157,6,405843,occupancy,3,400039,flow,3,6.18954122598883e-05,0.00088597806813359,0.08975512472260527
157,6,405843,occupancy,3,400039,flow,5,0.0004524105082730761,0.0049204768271391966,0.07863270749350593
157,6,405843,occupancy,3,400039,flow,6,1.3398733402908917e-05,0.00022654609902374374,0.09751799296774631
157,6,405843,occupancy,3,400039,flow,10,0.0009875500274955735,0.00945945924341658,0.07386187750255811
157,6,405843,occupancy,3,400039,flow,11,5.719653982326769e-10,2.0386885481560762e-08,0.13849490750227536
157,6,405843,occupancy,3,400039,flow,12,7.067507697107775e-08,1.8998684335640127e-06,0.12057019915149848
157,6,405843,occupancy,4,400316,flow,10,6.174810451559624e-07,1.3980702909191601e-05,0.1115958339127164
157,6,405843,occupancy,4,400316,flow,11,2.6620439297356436e-05,0.00041909729506042206,0.09410883502219228
157,6,405843,occupancy,4,400316,flow,12,1.5054311588559056e-06,3.169328755486117e-05,0.10769853454361956
157,6,405843,occupancy,5,400503,flow,2,0.00013276879620470133,0.0017296779240178219,0.0856430707230495
157,6,405843,occupancy,5,400503,flow,5,0.0010782387688592692,0.010185854978071382,0.0733078330537022
157,6,405843,occupancy,5,400503,flow,6,0.00012074431953823612,0.0015878705035165298,0.08616433877275824
157,6,405843,occupancy,5,400503,flow,7,0.00030209546537154187,0.0034987984301964844,0.08100226247370225
157,6,405843,occupancy,5,400503,flow,9,0.002015562777627762,0.01696324020914072,0.06925155145807411
157,6,405843,occupancy,5,400503,flow,10,6.76118755729891e-05,0.0009563958823684116,0.08928802599408991
157,6,405843,occupancy,5,400503,flow,11,2.261754031917126e-05,0.00036241756001045936,0.09492834134409314
157,6,405843,occupancy,5,400503,flow,12,9.371079832301994e-05,0.0012718524937337294,0.08754218701998345
157,6,405843,occupancy,6,405843,flow,2,2.3218786545926577e-23,2.248994571264637e-21,0.22083082949094465
157,6,405843,occupancy,6,405843,flow,4,2.844770273674555e-16,1.862031451859709e-14,0.18212545328477503
157,6,405843,occupancy,6,405843,flow,5,1.6259511871181228e-13,8.534762002855761e-12,0.16449706820940568
157,6,405843,occupancy,6,405843,flow,6,5.751058305460927e-11,2.2815122674566565e-09,0.14628015915411524
157,6,405843,occupancy,6,405843,flow,7,1.35724473377299e-07,3.487981707257178e-06,0.11793783469314992
157,6,405843,occupancy,6,405843,flow,9,3.2149008192137087e-07,7.677375090659602e-06,0.11436946995862367
157,6,405843,occupancy,6,405843,flow,10,6.342879711161795e-06,0.00011655142642373012,0.10110923993920226
157,6,405843,occupancy,6,405843,flow,11,2.029921990499765e-10,7.699089551324832e-09,0.1420584217687701
157,6,405843,occupancy,6,405843,flow,12,5.390556135581564e-10,1.9229729567062228e-08,0.1387012134115285
157,6,405843,occupancy,7,408093,flow,1,2.0598879973180182e-10,7.805891358257754e-09,0.1419732111412324
157,6,405843,occupancy,7,408093,flow,2,5.606312542664118e-13,2.8161942074777896e-11,0.16078873704795058
157,6,405843,occupancy,7,408093,flow,3,5.544755710234013e-12,2.495140069605306e-10,0.1538029136969527
157,6,405843,occupancy,7,408093,flow,4,9.955340230745588e-11,3.853680089320872e-09,0.14445850406105853
157,6,405843,occupancy,7,408093,flow,5,8.224629295662087e-08,2.18514136268513e-06,0.11996352156955548
157,6,405843,occupancy,7,408093,flow,6,4.140860700637985e-05,0.0006224258255656262,0.09185291939953973
157,6,405843,occupancy,7,408093,flow,7,3.186256899340463e-06,6.262342950478071e-05,0.10431262795770344
157,6,405843,occupancy,7,408093,flow,9,8.539109305942053e-07,1.873486653208211e-05,0.11019337462523746
157,6,405843,occupancy,7,408093,flow,10,7.50416974460652e-08,1.9998774396483755e-06,0.12033068013620352
157,6,405843,occupancy,7,408093,flow,11,0.00010941606290489379,0.0014575312727386407,0.08670226424285334
157,6,405843,occupancy,7,408093,flow,12,4.9638179115533845e-06,9.327400338369126e-05,0.10226075237985761
157,6,405843,occupancy,8,401448,flow,1,0.0004304352048329619,0.004718295064395827,0.07892830395655367
157,6,405843,occupancy,8,401448,flow,2,2.006539609702145e-05,0.00032501878942306955,0.09552630463884962
157,6,405843,occupancy,8,401448,flow,4,0.0007401821130557199,0.007465764016812304,0.07565500560824895
157,6,405843,occupancy,8,401448,flow,10,0.005075611647134338,0.03531462079615677,0.06285684995159968
157,6,405843,occupancy,8,401448,flow,11,0.005362288980558433,0.036887083433140816,0.0624589944811728
157,6,405843,occupancy,8,401448,flow,12,0.002537313399594987,0.020422444428800302,0.06770606277116493
157,6,405843,occupancy,9,402391,flow,1,1.7519288418993878e-07,4.420755021615277e-06,0.11689250853949641
157,6,405843,occupancy,9,402391,flow,2,5.525344648256442e-07,1.2642737754485078e-05,0.11207275003796306
157,6,405843,occupancy,9,402391,flow,3,0.0038612676086746205,0.02856280148882596,0.06480619241244547
157,6,405843,occupancy,9,402391,flow,4,0.00394856554190316,0.029059289848418487,0.06464868844880554
157,6,405843,occupancy,9,402391,flow,5,0.000870711565496048,0.008527485746866759,0.07464962049550054
157,6,405843,occupancy,9,402391,flow,6,2.9682131990753465e-06,5.884663157414179e-05,0.10463718985679855
157,6,405843,occupancy,9,402391,flow,7,0.00045066321633628885,0.004905245323532021,0.07865571520776364
157,6,405843,occupancy,9,402391,flow,9,0.0006601934857814473,0.006782487178539482,0.07635591326609345
157,6,405843,occupancy,9,402391,flow,10,0.00025961750012336527,0.0030875835379085724,0.08187548023518774
157,6,405843,occupancy,9,402391,flow,11,1.5993349182889912e-06,3.3523177326581476e-05,0.10742904024427385
157,6,405843,occupancy,9,402391,flow,12,0.00010778058129536648,0.0014375180956961507,0.08678422806204479
157,6,405843,occupancy,10,400497,flow,4,3.5761469739136995e-06,6.968405470143069e-05,0.10378202492830735
157,6,405843,occupancy,10,400497,flow,5,2.6777209599893515e-11,1.1101491887863722e-09,0.14878063832568353
157,6,405843,occupancy,10,400497,flow,9,1.3907491992701293e-06,2.950902033814813e-05,0.10805047424705012
157,6,405843,occupancy,10,400497,flow,10,1.2989476028216169e-24,1.298947602821617e-22,0.2269395636321079
157,6,405843,occupancy,10,400497,flow,11,1.0407741496933568e-24,1.0480522906003033e-22,0.22740164052823478
157,6,405843,occupancy,10,400497,flow,12,5.991968791952458e-11,2.3617979179958593e-09,0.1461447135754463
157,6,405843,occupancy,11,405841,flow,3,0.00010904729312847389,0.0014530669534701026,0.08672064416802441
157,6,405843,occupancy,11,405841,flow,4,1.884546902096384e-05,0.00030756488919744536,0.09583818355450477
157,6,405843,occupancy,11,405841,flow,5,0.00014104306550408229,0.0018204542664405003,0.08530960651263596
157,6,405843,occupancy,11,405841,flow,7,0.003995012120868324,0.02933115629189524,0.06456617252953346
157,6,405843,occupancy,11,405841,flow,8,0.0011296483395283382,0.010578974261353612,0.0730126106061415
157,6,405843,occupancy,11,405841,flow,9,4.2651243218955603e-07,1.0024666523715353e-05,0.11317621934306302
157,6,405843,occupancy,11,405841,flow,10,1.2272278376868007e-05,0.0002098821955188828,0.09794609662766603
157,6,405843,occupancy,11,405841,flow,11,2.0850240190877284e-05,0.0003369735788424612,0.09533505905635327
157,6,405843,occupancy,11,405841,flow,12,0.0014946184611759892,0.013376324326248754,0.07121559878775474
157,6,405843,occupancy,12,404520,flow,5,8.990655144022273e-06,0.00015950566826355736,0.09944908812422491
157,6,405843,occupancy,12,404520,flow,6,0.00030206047540617915,0.0034987984301964844,0.0810029331843123
157,6,405843,occupancy,12,404520,flow,7,0.001347216049142226,0.012262902090801551,0.07188663486982455
157,6,405843,occupancy,12,404520,flow,9,0.0024144604278703097,0.019573032554700203,0.0680418077707769
157,6,405843,occupancy,12,404520,flow,10,3.0315608946873035e-10,1.125115383595288e-08,0.14068936355832193
157,6,405843,occupancy,12,404520,flow,11,2.3561637424347333e-06,4.7764558269911065e-05,0.10568796054971778
157,6,405843,occupancy,12,404520,flow,12,7.719308293344589e-06,0.00013917951513876722,0.10017780946400677
157,6,405843,occupancy,13,400183,flow,5,1.7033804024990633e-05,0.00028107728566829465,0.09633876183316069
157,6,405843,occupancy,13,400183,flow,6,0.0018081178638428704,0.015584734979651238,0.0699704574639216
157,6,405843,occupancy,13,400183,flow,8,0.007754781094546762,0.04908520780724105,0.0597304791839768
157,6,405843,occupancy,13,400183,flow,10,0.0005551690486466743,0.005845309018166299,0.07740705515344243
157,6,405843,occupancy,13,400183,flow,11,0.0006119133844273346,0.006354485145976168,0.07681821361729307
157,6,405843,occupancy,13,400183,flow,12,0.0008729882650292662,0.008543972145279634,0.07463335808663968
157,6,405843,occupancy,14,401469,flow,1,1.3780299048180218e-11,5.953089188813854e-10,0.15091988503124307
157,6,405843,occupancy,14,401469,flow,2,3.519364739672903e-08,1.0055327827636867e-06,0.1233226158580007
157,6,405843,occupancy,14,401469,flow,3,7.232203941066272e-06,0.0001311083551213021,0.10048784295519102
157,6,405843,occupancy,14,401469,flow,4,1.992824590412167e-06,4.093676762044965e-05,0.10644389400574768
157,6,405843,occupancy,14,401469,flow,5,8.016247440283234e-07,1.7722716961117487e-05,0.11046806579649271
157,6,405843,occupancy,14,401469,flow,6,6.841569882718097e-05,0.0009661844358725785,0.08922536274183497
157,6,405843,occupancy,14,401469,flow,7,4.66704532939359e-05,0.0006909402269698529,0.09123325989539227
157,6,405843,occupancy,14,401469,flow,8,3.670236826366798e-11,1.4915731975451145e-09,0.1477544379438786
157,6,405843,occupancy,14,401469,flow,9,0.00022421869039787755,0.002721620518456957,0.08271228785876765
157,6,405843,occupancy,14,401469,flow,10,1.8752561904568104e-11,7.934482608005309e-10,0.14993157329591783
157,6,405843,occupancy,14,401469,flow,11,6.6205272672885786e-15,3.923275417652491e-13,0.17361675687164782
157,6,405843,occupancy,14,401469,flow,12,3.830989344165063e-07,9.061746632998785e-06,0.11363078359905
157,6,405843,occupancy,15,401472,flow,1,2.9712305035948918e-08,8.562852418632377e-07,0.12398200250089506
157,6,405843,occupancy,15,401472,flow,3,0.000767782841732311,0.007683243858657005,-0.0754294100097232
157,6,405843,occupancy,15,401472,flow,10,2.931182299509777e-08,8.453075790308569e-07,0.12403470678247103
157,6,405843,occupancy,15,401472,flow,11,5.414420130585272e-27,6.028426537146488e-25,0.23808041337598415
157,6,405843,occupancy,15,401472,flow,12,2.806187931464658e-20,2.3090917836052042e-18,0.20495567655684532
157,6,405843,occupancy,16,405838,flow,1,4.981791854858642e-08,1.3734103901078068e-06,0.12195831249790041
157,6,405843,occupancy,16,405838,flow,2,1.046297347106274e-05,0.0001827741423169876,0.09871921045379131
157,6,405843,occupancy,16,405838,flow,3,2.215573809071557e-06,4.508374401879004e-05,0.1059662420730855
157,6,405843,occupancy,16,405838,flow,4,4.171261852847953e-06,8.008822757468071e-05,0.10307047818539021
157,6,405843,occupancy,16,405838,flow,5,8.075440496127317e-11,3.162819849797825e-09,0.14515597374891312
157,6,405843,occupancy,16,405838,flow,6,1.240519785530066e-06,2.6490585632673675e-05,0.10855629198887225
157,6,405843,occupancy,16,405838,flow,8,0.0026928388176731934,0.021439483399093615,0.06730171863694087
157,6,405843,occupancy,16,405838,flow,10,0.004270813448805359,0.030883686137996573,0.06409339979420571
157,6,405843,occupancy,16,405838,flow,11,6.663833052205226e-09,2.0967049370376242e-07,0.12966191505297747
157,6,405843,occupancy,16,405838,flow,12,3.6437683036611105e-09,1.1907018965065051e-07,0.1318876747907658
157,6,405843,occupancy,17,400260,flow,1,2.6756933694472712e-11,1.1101491887863722e-09,0.1487830952490622
157,6,405843,occupancy,17,400260,flow,2,1.9107487895826637e-12,8.981974723609474e-11,0.15710888795214054
157,6,405843,occupancy,17,400260,flow,3,2.9685493535363157e-13,1.515854989039821e-11,0.16272357485642672
157,6,405843,occupancy,17,400260,flow,4,2.2654636636315542e-07,5.582888207009877e-06,0.11583061177058221
157,6,405843,occupancy,17,400260,flow,5,6.003674715887826e-11,2.3642547650533643e-09,0.1461382685954518
157,6,405843,occupancy,17,400260,flow,6,9.95249651877433e-10,3.442336666221385e-08,0.1365515716731421
157,6,405843,occupancy,17,400260,flow,7,2.068713645637109e-11,8.684978570604772e-10,0.14961524031468657
157,6,405843,occupancy,17,400260,flow,8,1.1749381205448398e-05,0.000201818396849054,0.09815771581907716
157,6,405843,occupancy,17,400260,flow,9,0.00011506197352619762,0.0015232721113566897,0.08642792543889041
157,6,405843,occupancy,17,400260,flow,10,1.966760985153446e-08,5.791688790635915e-07,0.12557476604999548
157,6,405843,occupancy,17,400260,flow,11,8.565387251729378e-09,2.66013464611581e-07,0.12872522457370453
157,6,405843,occupancy,17,400260,flow,12,7.402648556664531e-16,4.695953269425958e-14,0.17958411929416584
157,6,405843,occupancy,18,404528,flow,1,2.724745456123599e-06,5.444449755066581e-05,0.10502778543457687
157,6,405843,occupancy,18,404528,flow,2,0.002933917402206954,0.022940313443500525,0.06671524695036721
157,6,405843,occupancy,18,404528,flow,3,0.006564979933892285,0.04321335478610519,0.06097497097979793
157,6,405843,occupancy,18,404528,flow,9,0.005504499640389738,0.037721190429066735,0.06226870762306441
157,6,405843,occupancy,18,404528,flow,10,0.0005384708650182602,0.005702853976167895,0.07759101976776578
157,6,405843,occupancy,18,404528,flow,11,0.0011863070924941113,0.01103066431247215,0.07270128957127471
157,6,405843,occupancy,18,404528,flow,12,0.00032800827940754514,0.0037407491210152983,0.08052446720307747
157,6,405843,occupancy,19,401795,flow,1,1.1999094606937938e-18,9.110033163791194e-17,0.19599847727498876
157,6,405843,occupancy,19,401795,flow,2,4.900512100241298e-06,9.212450945623328e-05,0.10232070476941779
157,6,405843,occupancy,19,401795,flow,3,1.2922609409654958e-05,0.00021944053714508416,0.09769458894003978
157,6,405843,occupancy,19,401795,flow,4,2.491442783918375e-06,5.027105477126287e-05,0.10543484130040341
157,6,405843,occupancy,19,401795,flow,6,0.0001581872824101356,0.0020128691016547445,0.08467358545758542
157,6,405843,occupancy,19,401795,flow,10,0.004965373926481966,0.03471290484504014,0.06301526210610374
157,6,405843,occupancy,19,401795,flow,11,2.9677146820804985e-05,0.00046183456147650407,0.09355848475496989
157,6,405843,occupancy,19,401795,flow,12,1.6074289495633803e-09,5.4378175897523905e-08,0.13484729057713044
157,6,405843,speed,1,400125,flow,3,0.005801535468930857,0.03927081357847274,0.061885148455839374
157,6,405843,speed,3,400039,flow,1,0.0036284132684259182,0.02716593642911606,0.06524269140705828
157,6,405843,speed,5,400503,flow,3,0.0009107419426196447,0.008849314422215171,0.07436926021556074
157,6,405843,speed,5,400503,flow,11,0.005944719535426193,0.04006425646340274,0.06170653969162439
157,6,405843,speed,10,400497,flow,1,0.007548706162636488,0.04813344741341642,0.05993317272745396
157,6,405843,speed,10,400497,flow,7,0.005113313684785277,0.03551368990075948,0.06280338470278067
157,6,405843,speed,15,401472,flow,8,0.005061877608113832,0.03523575776192677,0.06287641535921881
157,7,408093,flow,0,400593,flow,3,0.0023269466270908587,0.018999072819944264,0.06829064089988669
157,7,408093,flow,0,400593,flow,11,0.002310173238159258,0.018908579743933295,0.0683393094711802
157,7,408093,flow,2,400331,flow,1,0.004958318915183601,0.03469545715116329,0.0630255080469655
157,7,408093,flow,2,400331,flow,4,0.004662068279960023,0.03304369970373634,0.06346811525987993
157,7,408093,flow,3,400039,flow,1,0.003032835526315052,0.02357186317091578,0.06648725186493847
157,7,408093,flow,3,400039,flow,2,0.00014530202543083985,0.0018676130611759243,0.08514507961506688
157,7,408093,flow,3,400039,flow,5,0.0031787898985150475,0.024465299058587214,0.0661629250559377
157,7,408093,flow,3,400039,flow,6,0.000448584749686198,0.004885016684256051,0.07868319229300182
157,7,408093,flow,4,400316,flow,11,0.007258473127635125,0.04661998797410607,0.06022721897923646
157,7,408093,flow,5,400503,flow,1,0.0018147309134601453,0.015614638041708723,0.06994639704301915
157,7,408093,flow,5,400503,flow,2,0.003698108527491592,0.027573056332004967,0.06510943725219
157,7,408093,flow,5,400503,flow,6,0.0031299281879679556,0.024179702739666614,0.06626996249642784
157,7,408093,flow,5,400503,flow,7,0.00551182385910213,0.03775341536597621,0.06225902790091658
157,7,408093,flow,5,400503,flow,9,0.00025095158094973414,0.0030005835308686726,0.08206996746686417
157,7,408093,flow,5,400503,flow,10,0.00558037135262658,0.03813224334600889,0.06216899322150391
157,7,408093,flow,5,400503,flow,11,0.006798449247642928,0.04431095466176441,0.06071563177919224
157,7,408093,flow,6,405843,flow,1,0.0015399806085485915,0.013697171564607608,0.07100349364370971
157,7,408093,flow,6,405843,flow,2,0.00018248681542612865,0.0022696984526182507,0.08387518785015086
157,7,408093,flow,6,405843,flow,4,0.00010165943912065311,0.001368127031156453,0.08710177406363862
157,7,408093,flow,7,408093,flow,1,3.0305945913719185e-29,3.6672741273744226e-27,0.24793536568383
157,7,408093,flow,7,408093,flow,2,2.747340652298659e-25,2.8461658556187545e-23,0.2300449255267613
157,7,408093,flow,7,408093,flow,3,5.477336901252516e-18,3.963500069248052e-16,0.1922041827805646
157,7,408093,flow,7,408093,flow,4,5.6457649823284485e-09,1.7986507908303022e-07,0.13027690321786706
157,7,408093,flow,7,408093,flow,5,2.4364264234249135e-07,5.963377988212819e-06,0.11552836974125576
157,7,408093,flow,7,408093,flow,6,0.002142508727243237,0.017795880987676954,0.06884441791459807
157,7,408093,flow,7,408093,flow,7,0.0020065159346915,0.016893683176509997,0.06928145593003016
157,7,408093,flow,7,408093,flow,8,0.000625675060057007,0.0064802595527362035,0.07668308040939381
157,7,408093,flow,7,408093,flow,10,0.00012423074408818844,0.0016277731709462362,0.0860083413131046
157,7,408093,flow,7,408093,flow,12,0.00624619870417363,0.0416477518166848,0.06134279707193546
157,7,408093,flow,8,401448,flow,1,0.0035395017295355305,0.02665733520152282,0.06541610435611758
157,7,408093,flow,8,401448,flow,10,0.0029144214575928147,0.02282091842813297,0.06676100822379827
157,7,408093,flow,8,401448,flow,12,0.0011553388035789494,0.010800830191432723,0.07286970411372659
157,7,408093,flow,9,402391,flow,9,0.000391361794987864,0.004341764135458584,0.07949051239771328
157,7,408093,flow,10,400497,flow,7,0.0015895328316166317,0.014059749861965294,0.07081507568510037
157,7,408093,flow,10,400497,flow,8,0.006390950119557004,0.04233845194983324,0.061173732339099895
157,7,408093,flow,11,405841,flow,3,0.006658859488966993,0.043671281300041616,0.06086970825632551
157,7,408093,flow,11,405841,flow,4,0.000993119824278973,0.009500171924014976,0.07382651980440018
157,7,408093,flow,11,405841,flow,8,5.431277287277085e-05,0.0007884112191208673,0.09044208412513377
157,7,408093,flow,11,405841,flow,9,0.0017803797217278334,0.01538248079572848,0.07007226640111394
157,7,408093,flow,12,404520,flow,7,0.00467841991544674,0.03313784888462029,0.06344303112629537
157,7,408093,flow,13,400183,flow,4,6.556632386546032e-06,0.0001201724731008861,0.10095261268940459
157,7,408093,flow,13,400183,flow,5,0.006632972555928381,0.04354312322472526,0.060898600233112075
157,7,408093,flow,13,400183,flow,8,0.007023814074769981,0.045457493337837176,0.060472772863459735
157,7,408093,flow,13,400183,flow,10,0.00016005865097991248,0.002028317313679149,0.08460813462860924
157,7,408093,flow,14,401469,flow,3,0.005869520194752696,0.039629233597127896,0.061799854641916244
157,7,408093,flow,14,401469,flow,7,0.00028615294999149196,0.0033446448700304252,0.08131565635592714
157,7,408093,flow,14,401469,flow,8,0.0002624329957371044,0.0031137339785341695,0.08181360056830644
157,7,408093,flow,15,401472,flow,6,0.004155684482810878,0.030288352480995536,0.0642872847182242
157,7,408093,flow,16,405838,flow,2,3.919628804312817e-06,7.575990067990546e-05,0.10335865172908562
157,7,408093,flow,16,405838,flow,5,0.0008169061619525127,0.00808299271560892,0.07504589215317896
157,7,408093,flow,16,405838,flow,9,0.0010090084895460875,0.00962514766151356,0.0737266556016796
157,7,408093,flow,16,405838,flow,11,0.0038027797897614074,0.02820259002878846,0.06491353527485062
157,7,408093,flow,17,400260,flow,9,0.0007458475208945928,0.007503635981054124,0.07560806973277019
157,7,408093,flow,18,404528,flow,1,0.00018303109053075347,0.0022753793124974243,0.0838584754141092
157,7,408093,flow,18,404528,flow,3,0.0005153335978035591,0.005494178535319288,0.07785490359745119
157,7,408093,flow,19,401795,flow,1,0.00039789316304242436,0.004406302138793318,0.07939298817731243
157,7,408093,flow,19,401795,flow,6,0.0039204559344579795,0.028906587535174045,0.06469905617015655
157,7,408093,occupancy,1,400125,flow,3,0.0029963726003139138,0.02336099915783452,0.06657049499918707
157,7,408093,occupancy,1,400125,flow,6,0.0010515988549234993,0.009962515467696309,0.07346597026448223
157,7,408093,occupancy,1,400125,flow,10,0.003676400234230194,0.02744909957116218,0.06515069607904872
157,7,408093,occupancy,1,400125,flow,12,0.002793474334682476,0.022044633452285616,0.06705129947339489
157,7,408093,occupancy,2,400331,flow,1,0.0012799596164124105,0.011729795381632612,0.07221560026595272
157,7,408093,occupancy,3,400039,flow,2,0.002627878794322741,0.021030819547006745,0.06746794193861151
157,7,408093,occupancy,3,400039,flow,5,2.3398827411508928e-06,4.74567767219336e-05,0.10571935879892083
157,7,408093,occupancy,3,400039,flow,6,0.0007570273095369322,0.007600181215894834,0.07551641184621635
157,7,408093,occupancy,5,400503,flow,1,0.0009114651546518831,0.00885393868023371,0.07436430081498616
157,7,408093,occupancy,5,400503,flow,6,0.0011956972985035954,0.01109990854401205,0.07265102467162585
157,7,408093,occupancy,5,400503,flow,10,0.0019271961152110295,0.01638230463933815,0.06954907741871491
157,7,408093,occupancy,5,400503,flow,11,0.0030689553717573987,0.023793767419224628,0.06640568648192315
157,7,408093,occupancy,6,405843,flow,2,0.004963494328146412,0.03471290484504014,0.06301799054669915
157,7,408093,occupancy,6,405843,flow,4,6.37717407124787e-05,0.0009088092488869456,0.08959746381116347
157,7,408093,occupancy,6,405843,flow,6,0.001110756428781596,0.01044507569076294,0.07311962780825595
157,7,408093,occupancy,6,405843,flow,9,0.007422718582993029,0.047470235793530546,0.06005954855057886
157,7,408093,occupancy,6,405843,flow,10,0.00266005934003693,0.021221526036859718,0.0673851332161682
157,7,408093,occupancy,7,408093,flow,4,0.00021078095746304248,0.0025778148205830927,0.08306281144824211
157,7,408093,occupancy,7,408093,flow,10,0.0009753671225922471,0.009371854914587427,0.07393986359463574
157,7,408093,occupancy,8,401448,flow,10,5.885727949545579e-05,0.0008478274338791897,0.09002025966391251
157,7,408093,occupancy,8,401448,flow,12,0.005363617455041571,0.036890347724533645,0.06245719593587735
157,7,408093,occupancy,9,402391,flow,1,0.0036907737412054543,0.027529573624136782,0.06512335309220452
157,7,408093,occupancy,9,402391,flow,9,0.0002816273302560096,0.0032979942171481747,0.08140759989583976
157,7,408093,occupancy,10,400497,flow,12,0.0024136846587664196,0.01957041615216016,0.06804397706675513
157,7,408093,occupancy,11,405841,flow,3,0.001987172447875522,0.016766519513798747,0.06934581317299472
157,7,408093,occupancy,11,405841,flow,4,0.0025376778169861115,0.020422444428800302,0.06770508915726274
157,7,408093,occupancy,11,405841,flow,8,0.0063123989740651145,0.04195356968655082,0.06126504488678616
157,7,408093,occupancy,11,405841,flow,9,0.0047888365975602525,0.03377080199059736,0.06327569357946217
157,7,408093,occupancy,12,404520,flow,10,0.0027841609663856208,0.021988254798511665,0.06707412583142527
157,7,408093,occupancy,12,404520,flow,11,0.006314548769355375,0.04195356968655082,0.06126253226954598
157,7,408093,occupancy,13,400183,flow,4,0.00013891289663818068,0.00179671770502078,0.08539365863271793
157,7,408093,occupancy,14,401469,flow,3,0.0003195154354627346,0.0036603200243940956,0.08067704889084726
157,7,408093,occupancy,14,401469,flow,7,0.0018588842262825523,0.015915168965408864,0.0697877859597499
157,7,408093,occupancy,14,401469,flow,8,0.00015036665420153212,0.0019252636222602808,0.08495523563489697
157,7,408093,occupancy,14,401469,flow,9,0.006448308238172182,0.042653026472062205,0.06110769114621095
157,7,408093,occupancy,14,401469,flow,10,0.0029438250725753504,0.023009452349421953,0.06669209763544917
157,7,408093,occupancy,14,401469,flow,11,1.7382156080210661e-06,3.618839241759521e-05,0.1070571108214544
157,7,408093,occupancy,15,401472,flow,5,0.0033486318837039914,0.025481926611945118,0.06580216945537681
157,7,408093,occupancy,16,405838,flow,9,0.0042263299623729236,0.03064408431932029,0.06416774482974122
157,7,408093,occupancy,17,400260,flow,1,0.003713752761165792,0.02766105504868314,-0.06507983998413008
157,7,408093,occupancy,18,404528,flow,1,0.002323810391662941,0.018980640748693337,0.06829971634056874
157,7,408093,speed,12,404520,flow,10,0.007088179281627818,0.0457879484719269,-0.06040469543059903
157,7,408093,speed,18,404528,flow,11,0.007505620763081612,0.047901140045076916,-0.059976176811908484
157,8,401448,flow,1,400125,flow,1,0.004383517417930509,0.03149309037994312,0.06390813316413305
157,8,401448,flow,6,405843,flow,11,0.0022152907090728564,0.018277417614963216,0.06862086069955281
157,8,401448,flow,8,401448,flow,1,2.1173472295028155e-100,8.023631606536985e-98,0.4514149287276165
157,8,401448,flow,8,401448,flow,2,7.881264490459279e-28,8.983393825536697e-26,0.2418052497656565
157,8,401448,flow,8,401448,flow,5,2.2673856618729995e-05,0.0003630306292559278,0.09491588417587861
157,8,401448,flow,8,401448,flow,9,0.0040051609376395335,0.029395676606528687,0.0645482583076472
157,8,401448,flow,13,400183,flow,12,0.00475291259372909,0.03357191367709233,0.0633297502931406
157,8,401448,flow,14,401469,flow,2,2.129214364149659e-05,0.0003425775066341351,0.09523037156671223
157,8,401448,flow,14,401469,flow,6,0.000630419431955496,0.0065217659330747135,0.07663713285861092
157,8,401448,flow,15,401472,flow,2,0.006551500645631037,0.04315718632071681,-0.06099019556854564
157,8,401448,flow,15,401472,flow,3,0.0013426772529902776,0.012224163820691252,-0.0719083531909984
157,8,401448,flow,15,401472,flow,4,0.005463961458840905,0.03747906240424374,-0.06232249408346924
157,8,401448,flow,16,405838,flow,8,0.005508545209567643,0.0377429267332787,-0.06226335954466298
157,8,401448,flow,17,400260,flow,1,0.0009342035359951595,0.009030564501004899,0.07421020241342222
157,8,401448,flow,17,400260,flow,2,0.004472958076081001,0.03201395854727178,0.06376415325030092
157,8,401448,flow,18,404528,flow,10,0.0029337687163630156,0.022940313443500525,0.06671559489809888
157,8,401448,flow,19,401795,flow,1,0.003134229980360613,0.02419995266337417,0.06626047802651576
157,8,401448,flow,19,401795,flow,2,9.393232981063324e-06,0.00016542505698407484,0.09923879046747451
157,8,401448,occupancy,2,400331,flow,7,0.00042746457924705994,0.00468930163115109,0.07896933805709205
157,8,401448,occupancy,4,400316,flow,10,0.004431506637274242,0.03179028341584976,0.06383055372925876
157,8,401448,occupancy,5,400503,flow,10,0.004292868911216682,0.030991993109562705,0.06405679846291507
157,8,401448,occupancy,8,401448,flow,1,0.00685066090708402,0.044557144111115575,0.06065873086351828
157,8,401448,occupancy,10,400497,flow,6,0.007859162492256575,0.04957882880629148,0.059629644364697525
157,8,401448,occupancy,11,405841,flow,8,0.0035568138616371633,0.0267597281126307,-0.06538203072319675
157,8,401448,occupancy,12,404520,flow,10,0.0037566252771029144,0.027917806979330103,0.06499930629584955
157,8,401448,occupancy,13,400183,flow,5,0.001041619083299947,0.009889658109573122,-0.07352616630020686
157,8,401448,occupancy,13,400183,flow,6,0.005130204761445312,0.035602384850512044,0.06277954687565186
157,8,401448,occupancy,15,401472,flow,7,0.00012228315530418837,0.001605175420583694,0.08609496846814743
157,8,401448,occupancy,15,401472,flow,11,7.384388073325911e-05,0.0010331804605170803,0.08881956962865126
157,8,401448,occupancy,16,405838,flow,9,0.00042471083608407797,0.004660276382736136,-0.07900761462308314
157,8,401448,occupancy,18,404528,flow,4,3.9505392506254985e-05,0.0005958913953457456,-0.09209559807794189
157,8,401448,occupancy,19,401795,flow,3,0.00017098828393057624,0.0021454237193729,0.08423966776223894
157,8,401448,speed,5,400503,flow,10,0.0041624577722245105,0.030313246082282343,-0.0642757440543895
157,8,401448,speed,6,405843,flow,7,0.007724413306705925,0.04893601039004193,-0.05976004336031642
157,8,401448,speed,10,400497,flow,5,0.004360334329180003,0.031357823043212274,-0.06394588692025174
157,8,401448,speed,11,405841,flow,4,0.004674110336520402,0.03311275279397858,-0.06344963450453958
157,8,401448,speed,13,400183,flow,6,0.0011526133957761894,0.010779711736846546,-0.07288472460367926
157,8,401448,speed,15,401472,flow,7,8.059110326230088e-05,0.0011137350162928336,-0.0883527681067967
157,8,401448,speed,19,401795,flow,3,0.0005340532121230889,0.005663009023985626,-0.07764057746524906
157,9,402391,flow,1,400125,flow,3,0.002312979093125232,0.018926370954555804,0.06833114570865506
157,9,402391,flow,3,400039,flow,1,3.016567772112748e-06,5.96683735143181e-05,0.10453708187005475
157,9,402391,flow,3,400039,flow,12,0.0019620407159188567,0.016609454774416225,0.0694302920304754
157,9,402391,flow,5,400503,flow,1,0.0025561937396692018,0.020545243037648736,0.06765578757534778
157,9,402391,flow,5,400503,flow,2,0.007078881439272847,0.04573851004735073,0.06041449516027313
157,9,402391,flow,5,400503,flow,3,1.4247897691427414e-05,0.00023959096156857309,0.09721738537673524
157,9,402391,flow,5,400503,flow,5,0.0021366216707583885,0.01776064194280592,0.0688628034143892
157,9,402391,flow,5,400503,flow,7,1.6501309336183933e-05,0.00027291598902111255,0.09649555929667823
157,9,402391,flow,5,400503,flow,9,9.566227812568297e-05,0.0012950831761295847,0.08743088572865587
157,9,402391,flow,5,400503,flow,10,0.00034114328969524405,0.0038731642877357537,0.08029560988858336
157,9,402391,flow,5,400503,flow,11,0.004458694899236698,0.031933296468126475,0.06378693812272143
157,9,402391,flow,5,400503,flow,12,0.0001420108782955761,0.0018307579654935505,0.08527181261932337
157,9,402391,flow,6,405843,flow,1,0.00031626373003675506,0.0036288427988281063,0.080736474880871
157,9,402391,flow,6,405843,flow,2,0.004836205119326736,0.03403780729144917,0.06320497349939208
157,9,402391,flow,6,405843,flow,4,0.0036875435679460423,0.027513278434416068,0.0651294894719235
157,9,402391,flow,6,405843,flow,6,0.00032485815296867177,0.0037116826787216665,0.08058062631653908
157,9,402391,flow,6,405843,flow,10,0.0005948869022370316,0.006209015263744809,0.07698937238791763
157,9,402391,flow,6,405843,flow,11,0.00014754742083648048,0.001892521171472169,0.08506015652669921
157,9,402391,flow,6,405843,flow,12,0.00013850693117000129,0.0017925402715830005,0.08540981472174912
157,9,402391,flow,7,408093,flow,1,8.045897710043663e-06,0.00014458518347499428,0.09998024220364655
157,9,402391,flow,7,408093,flow,2,0.0045416355734829335,0.032402750912380304,0.06365535613609977
157,9,402391,flow,7,408093,flow,3,0.002629297101800811,0.021034376814406487,0.06746427281102782
157,9,402391,flow,7,408093,flow,4,0.00040757582117227197,0.004504291500292185,0.0792511255359953
157,9,402391,flow,7,408093,flow,10,8.007131424057581e-05,0.0011076147214834694,0.08838739089796645
157,9,402391,flow,8,401448,flow,1,9.764316718268343e-06,0.0001716104484252207,0.0990524308280205
157,9,402391,flow,8,401448,flow,12,0.0027165474272771105,0.021560692422996724,0.06724196274560415
157,9,402391,flow,9,402391,flow,1,1.684256034519245e-67,4.0198818061453805e-65,0.37525038920448517
157,9,402391,flow,9,402391,flow,2,3.0563606819566987e-18,2.26086954555701e-16,0.1936524582455016
157,9,402391,flow,9,402391,flow,3,2.253708911620551e-05,0.0003613965292576384,0.09494618841879338
157,9,402391,flow,9,402391,flow,4,7.126030632493525e-10,2.498738013991236e-08,0.13772686070402024
157,9,402391,flow,9,402391,flow,6,0.004510663871459878,0.03222435575443472,0.06370423500455191
157,9,402391,flow,9,402391,flow,7,0.0016973601218584875,0.01480136400167272,0.07038592879716626
157,9,402391,flow,9,402391,flow,11,0.0004825264957219125,0.0051827808590717605,0.07824864700067076
157,9,402391,flow,9,402391,flow,12,0.0019838321979149466,0.016751671413198922,0.06935698457077792
157,9,402391,flow,10,400497,flow,5,2.9754299481651284e-06,5.8962648514097955e-05,0.10462608696409434
157,9,402391,flow,10,400497,flow,8,0.004636352039250872,0.0328938098366953,-0.0635077266067457
157,9,402391,flow,10,400497,flow,10,2.6379314392640963e-09,8.74586632204213e-08,0.13306361728488986
157,9,402391,flow,10,400497,flow,11,7.58484346364115e-13,3.779299165274483e-11,0.15991994331803908
157,9,402391,flow,10,400497,flow,12,1.007289343880364e-05,0.00017667437943821247,0.098902540553272
157,9,402391,flow,11,405841,flow,5,0.0008007905727961431,0.007961830321011136,0.07516929625373085
157,9,402391,flow,11,405841,flow,10,0.0016505470099733004,0.014483776321520734,0.07056907057962852
157,9,402391,flow,12,404520,flow,3,0.006008091060433346,0.040421980035932184,-0.061628723585765384
157,9,402391,flow,12,404520,flow,10,0.0004296198964949239,0.0047105531798428205,0.0789395396730009
157,9,402391,flow,12,404520,flow,11,1.9691906004368262e-06,4.054768061909957e-05,0.10649754809218284
157,9,402391,flow,13,400183,flow,1,0.0004794248759620564,0.00515459299192654,0.07828715273650019
157,9,402391,flow,13,400183,flow,4,0.0006584932140546993,0.00676662865060966,0.07637165208299429
157,9,402391,flow,13,400183,flow,10,0.004545142708262395,0.03240636491119582,0.06364984028429012
157,9,402391,flow,14,401469,flow,6,0.0001343919791971857,0.0017480761087048519,0.08557614014881558
157,9,402391,flow,14,401469,flow,10,0.001298539623297922,0.01187990506702038,0.07212315712880372
157,9,402391,flow,14,401469,flow,11,0.00026898373768435624,0.0031771385538824533,0.08167199997752253
157,9,402391,flow,14,401469,flow,12,3.664608268356709e-05,0.0005558675463237705,0.09248188117404839
157,9,402391,flow,15,401472,flow,1,4.019947954196545e-05,0.0006055151730170528,0.09200583569886218
157,9,402391,flow,15,401472,flow,8,0.001391000528898931,0.012618198786574612,-0.07168051931175558
157,9,402391,flow,15,401472,flow,11,6.26729776943132e-14,3.427180552397886e-12,0.16726639136394858
157,9,402391,flow,15,401472,flow,12,6.378408211096846e-10,2.2585838911424897e-08,0.13811460242790458
157,9,402391,flow,16,405838,flow,1,1.2569479074307883e-06,2.680165330750743e-05,0.10849819249966619
157,9,402391,flow,16,405838,flow,4,4.080529924222626e-05,0.0006144262555817966,0.09192868163371483
157,9,402391,flow,16,405838,flow,5,0.0011769594549938865,0.01095553726691142,0.07275169277703207
157,9,402391,flow,16,405838,flow,7,0.0006093846015517619,0.006334315396303203,0.07684335200818634
157,9,402391,flow,18,404528,flow,1,6.445500774685132e-08,1.7523324950685821e-06,0.12093736716511036
157,9,402391,flow,18,404528,flow,2,4.334161534837189e-05,0.0006493352377394071,0.09161703475611183
157,9,402391,flow,18,404528,flow,10,0.0028187900916845157,0.02222923182927548,0.06698960163111956
157,9,402391,flow,18,404528,flow,11,0.006123083562493849,0.0410741009161078,0.06148938818756557
157,9,402391,flow,18,404528,flow,12,0.004896032200398685,0.03438604959473634,0.0631165426772688
157,9,402391,flow,19,401795,flow,1,0.001046223628647826,0.009929011589979369,0.07349832662251601
157,9,402391,flow,19,401795,flow,3,0.0049111272690877715,0.03445845347159197,0.06309438491604658
157,9,402391,flow,19,401795,flow,11,0.0002927766889231215,0.0034074991101693125,0.08118351195009363
157,9,402391,occupancy,1,400125,flow,11,0.0026357128425495866,0.021062300184635986,0.06744769799579424
157,9,402391,occupancy,2,400331,flow,2,0.001116258289825383,0.01048540076548305,-0.07308828887678526
157,9,402391,occupancy,3,400039,flow,11,0.007898720307867363,0.04977749340625384,0.05959174364129181
157,9,402391,occupancy,5,400503,flow,9,0.0005387685208309245,0.005704607867621553,0.07758769426035968
157,9,402391,occupancy,6,405843,flow,4,0.00034926418518790116,0.003952898297122696,0.0801582026858148
157,9,402391,occupancy,6,405843,flow,11,0.004615064823450182,0.03277507814779679,0.06354066649488858
157,9,402391,occupancy,7,408093,flow,10,0.00028658479450841283,0.003346975702288033,0.08130695418547483
157,9,402391,occupancy,8,401448,flow,1,0.005671701917962437,0.03855507834083041,0.06205057068427543
157,9,402391,occupancy,9,402391,flow,10,0.0023828960000956915,0.019335294365915454,0.06813059101251034
157,9,402391,occupancy,10,400497,flow,3,0.0015783843208932856,0.013986913366685115,0.07086096205556597
157,9,402391,occupancy,10,400497,flow,9,0.0001671578470752839,0.0021065399631424345,0.08436621467639925
157,9,402391,occupancy,10,400497,flow,10,0.0017746937646207404,0.01534563063082786,0.07009331569910403
157,9,402391,occupancy,13,400183,flow,6,7.73970818228224e-05,0.0010761358013343827,0.08856894628794906
157,9,402391,occupancy,13,400183,flow,10,0.001072523589217366,0.01014295513445495,0.07334145222861815
157,9,402391,occupancy,14,401469,flow,3,4.42703352101879e-05,0.0006608425988528394,0.09150722912215775
157,9,402391,occupancy,14,401469,flow,7,1.3307828340077653e-05,0.00022518534441494503,0.09755124292387837
157,9,402391,occupancy,18,404528,flow,1,0.0025927988523319692,0.020804032396125757,0.06755927351385586
157,9,402391,speed,1,400125,flow,12,0.0026412605259928494,0.021091026750996507,0.06743339545637267
157,9,402391,speed,2,400331,flow,2,0.0018251049193473887,0.015674857359007394,0.06990881477831495
157,9,402391,speed,3,400039,flow,4,0.0028918634574034217,0.022693642390522763,-0.06681430651730812
157,9,402391,speed,5,400503,flow,9,0.0007314045501796608,0.007392764756144442,-0.07572838718430377
157,9,402391,speed,6,405843,flow,4,0.0012394782305594867,0.011429126907186728,-0.07242137582467975
157,9,402391,speed,9,402391,flow,10,0.00583735904063992,0.03944531683961278,-0.06184009256507521
157,9,402391,speed,10,400497,flow,2,0.00018039652601223115,0.002247802112410841,-0.08393981026543047
157,9,402391,speed,10,400497,flow,3,0.0007209762799100795,0.007299314575138372,-0.07581663889322213
157,9,402391,speed,10,400497,flow,9,0.007248730309308499,0.04658511594200047,-0.06023727148722304
157,9,402391,speed,11,405841,flow,8,0.007148920140481275,0.04611458060859223,-0.06034095813695228
157,9,402391,speed,14,401469,flow,7,0.0014980935568353181,0.013399097651197877,-0.0712005267695463
157,9,402391,speed,15,401472,flow,2,0.0014792180332236277,0.013264763792372566,-0.07128278351110554
157,10,400497,flow,1,400125,flow,1,1.1537071114690083e-24,1.156383926112788e-22,0.22718695149970167
157,10,400497,flow,1,400125,flow,2,3.6329169410849417e-06,7.059919561622559e-05,0.10370943327322482
157,10,400497,flow,1,400125,flow,6,0.0012316948332069234,0.011367061908681711,0.07246164999242563
157,10,400497,flow,1,400125,flow,9,0.00014692693147652026,0.0018858360116654025,-0.08508350180643044
157,10,400497,flow,1,400125,flow,12,2.3178431721731255e-06,4.703185769745375e-05,0.10576219814685527
157,10,400497,flow,3,400039,flow,1,8.469197590339206e-17,5.752662514192668e-15,0.18529309798566362
157,10,400497,flow,3,400039,flow,2,5.564398011911979e-09,1.7753470761787113e-07,0.1303306173573892
157,10,400497,flow,3,400039,flow,6,0.0011423970624034622,0.010691410982632056,0.07294132318448111
157,10,400497,flow,3,400039,flow,7,5.693791935639318e-06,0.00010588541180353789,0.10161782736776491
157,10,400497,flow,3,400039,flow,12,2.5433860337697835e-08,7.369166777924524e-07,0.12458455197269007
157,10,400497,flow,4,400316,flow,1,9.537491937498262e-17,6.437807057811326e-15,0.18498502496361488
157,10,400497,flow,4,400316,flow,3,0.0004058807576516686,0.004489003771262694,-0.07927573151644562
157,10,400497,flow,4,400316,flow,4,7.4577387973091185e-06,0.00013485739474414145,-0.10034189014812328
157,10,400497,flow,4,400316,flow,6,2.4030174185944067e-07,5.891620458755867e-06,0.11558578826845096
157,10,400497,flow,4,400316,flow,7,0.0019850246413555734,0.016755190407690655,0.06935299448934111
157,10,400497,flow,4,400316,flow,11,0.0002913723786845002,0.003394629654576701,0.08121129266697744
157,10,400497,flow,4,400316,flow,12,1.7511499488780751e-23,1.7038215718813704e-21,0.22143656732019948
157,10,400497,flow,5,400503,flow,1,9.207644331432241e-13,4.5252586475298386e-11,0.15933423032639274
157,10,400497,flow,5,400503,flow,2,1.9099658384787014e-06,3.942213292989962e-05,0.10663476486674993
157,10,400497,flow,5,400503,flow,6,0.00014283480630286182,0.0018391843911426619,0.08523982808114927
157,10,400497,flow,5,400503,flow,7,1.5448475598403598e-05,0.00025697887787871985,0.09682029254555756
157,10,400497,flow,5,400503,flow,8,0.0008924069178907626,0.008694627616797687,0.07449622610600368
157,10,400497,flow,5,400503,flow,9,0.002344562048463926,0.019092380865907938,0.06823987354559105
157,10,400497,flow,5,400503,flow,12,5.633318187271144e-11,2.2408779529476374e-09,0.1463483861398755
157,10,400497,flow,6,405843,flow,1,3.737363575212925e-29,4.497328870451208e-27,0.24771993209095425
157,10,400497,flow,6,405843,flow,2,4.130592156641468e-09,1.341666023811364e-07,0.13142836529174398
157,10,400497,flow,6,405843,flow,6,0.0007046964652063402,0.007164718121184726,0.0759568084446218
157,10,400497,flow,6,405843,flow,7,1.3958341110508137e-14,8.061501817833577e-13,0.17153622718161915
157,10,400497,flow,6,405843,flow,12,7.153398447324655e-26,7.611497855281406e-24,0.23290605834821843
157,10,400497,flow,7,408093,flow,1,0.00023171901487524548,0.0028008565871881935,0.0825251208194224
157,10,400497,flow,7,408093,flow,4,7.453502768838872e-05,0.0010400236421635636,0.0887699398935739
157,10,400497,flow,7,408093,flow,5,2.833194184799952e-06,5.640275980799904e-05,0.10484983131068613
157,10,400497,flow,7,408093,flow,11,0.0002886623970293709,0.003365780175889021,0.08126525891653912
157,10,400497,flow,8,401448,flow,1,5.892754532523405e-06,0.00010911572902057912,0.10145627679292177
157,10,400497,flow,8,401448,flow,2,0.0002611996503255379,0.0031008037631391145,0.08184063040960234
157,10,400497,flow,8,401448,flow,3,2.0124150423479868e-05,0.0003258483127040218,0.09551174342989144
157,10,400497,flow,8,401448,flow,5,3.3005778467905196e-05,0.0005068786455078224,0.09301733267038628
157,10,400497,flow,8,401448,flow,6,6.548273867673247e-09,2.066365457147438e-07,0.129726941087206
157,10,400497,flow,8,401448,flow,7,0.00012471977507527438,0.0016326952373490464,0.08598679059947088
157,10,400497,flow,8,401448,flow,12,3.129575223840179e-05,0.0004842322695913171,0.09328851419930582
157,10,400497,flow,9,402391,flow,1,4.718819493732437e-18,3.4318687227145e-16,0.19262294104261365
157,10,400497,flow,9,402391,flow,2,9.652246031934595e-09,2.970950427233517e-07,0.12827712090650073
157,10,400497,flow,9,402391,flow,7,0.00014518802492503996,0.0018676130611759243,0.08514942409254864
157,10,400497,flow,9,402391,flow,8,0.0004349545028882954,0.00475938057871691,0.07886638152262361
157,10,400497,flow,9,402391,flow,12,7.673080811621353e-08,2.041115092746567e-06,0.12024163060164876
157,10,400497,flow,10,400497,flow,1,0.0,0.0,0.8694468523143143
157,10,400497,flow,10,400497,flow,2,9.351655713007715e-12,4.094879242196529e-10,-0.15211645565898194
157,10,400497,flow,10,400497,flow,3,9.486641274113457e-06,0.00016686600286714223,-0.09919122729552086
157,10,400497,flow,10,400497,flow,4,1.884017507837551e-05,0.00030756488919744536,0.09583957839007488
157,10,400497,flow,10,400497,flow,5,1.8522158000451007e-27,2.0891833567088344e-25,0.24019474761217402
157,10,400497,flow,10,400497,flow,6,2.2787614292579164e-62,5.236302858720319e-60,0.36150273581902287
157,10,400497,flow,10,400497,flow,7,1.3739813799970105e-16,9.145762036343737e-15,0.1840349212809999
157,10,400497,flow,10,400497,flow,8,1.5659089818100636e-11,6.697749308336113e-10,-0.15051067538510574
157,10,400497,flow,10,400497,flow,9,7.806233557991612e-22,6.938874273770322e-20,-0.2130744280933054
157,10,400497,flow,10,400497,flow,10,0.00015694552645824272,0.001998245429707069,-0.0846961480701386
157,10,400497,flow,10,400497,flow,11,1.296790476561649e-29,1.5825239713972665e-27,0.24965632968692067
157,10,400497,flow,10,400497,flow,12,0.0008637123740080032,0.008470459604346364,0.07469986344460416
157,10,400497,flow,11,405841,flow,5,0.005274320952585787,0.036374627259212325,0.06257899358406663
157,10,400497,flow,11,405841,flow,6,0.0010078722533174878,0.009617866433248391,0.07373374866259251
157,10,400497,flow,11,405841,flow,7,0.0003474686299424428,0.003935669851471822,0.08018832476118755
157,10,400497,flow,11,405841,flow,11,0.007034567990180294,0.045506639289576024,0.060461359876019964
157,10,400497,flow,11,405841,flow,12,0.00034570848298908944,0.003918815656029562,0.08021799437791466
157,10,400497,flow,12,404520,flow,1,3.120765789048447e-19,2.451219674307144e-17,0.19925960991484495
157,10,400497,flow,12,404520,flow,3,1.1681332166836137e-14,6.773604692715719e-13,-0.17203531159285196
157,10,400497,flow,12,404520,flow,4,1.7121272658249284e-10,6.5512752775586275e-09,-0.14263563642919602
157,10,400497,flow,12,404520,flow,6,5.765406803939039e-16,3.6789597330896085e-14,0.18025193912920046
157,10,400497,flow,12,404520,flow,7,2.088108264099565e-08,6.119828833724642e-07,0.1253448656229027
157,10,400497,flow,12,404520,flow,11,3.3518142240880536e-09,1.0977890407930546e-07,0.13219269849304308
157,10,400497,flow,12,404520,flow,12,1.5781677572427588e-28,1.8526317150241082e-26,0.24497264133358038
157,10,400497,flow,13,400183,flow,1,0.0009122588592878706,0.008856086004772137,0.07435886220622022
157,10,400497,flow,13,400183,flow,5,0.0010921848106033947,0.01029733387561472,0.07322648262521088
157,10,400497,flow,13,400183,flow,6,0.00023433092934025676,0.0028276804881282383,0.0824612735396956
157,10,400497,flow,14,401469,flow,1,5.99713597557223e-05,0.0008612908050023947,0.08992156260925183
157,10,400497,flow,14,401469,flow,2,4.976350281766177e-05,0.0007302253130852543,0.0908992443791856
157,10,400497,flow,14,401469,flow,6,6.318904341548186e-10,2.2393492006142877e-08,0.13814734200133166
157,10,400497,flow,14,401469,flow,7,2.77043599497812e-05,0.0004342628264987474,0.09390711096473672
157,10,400497,flow,14,401469,flow,8,0.0005015079228009293,0.005363986695964384,0.07801790470765001
157,10,400497,flow,14,401469,flow,12,1.624527352835446e-07,4.113691772713439e-06,0.11720263018192699
157,10,400497,flow,15,401472,flow,1,5.734903837156802e-159,3.6433506730172623e-156,0.552269316729979
157,10,400497,flow,15,401472,flow,2,1.4869237113398576e-32,2.052239754948302e-30,0.26209176644982546
157,10,400497,flow,15,401472,flow,3,0.00014759036635855874,0.001892521171472169,-0.08505854416486862
157,10,400497,flow,15,401472,flow,4,1.3439189136811714e-15,8.45084382402134e-14,-0.17798039564391877
157,10,400497,flow,15,401472,flow,6,4.914334202943242e-19,3.832116201573069e-17,0.1981664093384105
157,10,400497,flow,15,401472,flow,7,6.894901292010069e-27,7.598462648337627e-25,0.23760110493623413
157,10,400497,flow,15,401472,flow,9,5.2538878828963255e-17,3.619903613096033e-15,-0.18652596736382748
157,10,400497,flow,15,401472,flow,10,2.2483352876796003e-11,9.411636087961119e-10,-0.14934644610700062
157,10,400497,flow,15,401472,flow,11,0.002279702606471366,0.018730154545371438,0.06842855440152144
157,10,400497,flow,15,401472,flow,12,1.3237570745959435e-82,3.6894390724222425e-80,0.412870508687443
157,10,400497,flow,16,405838,flow,1,4.057482939099189e-11,1.640261492297367e-09,0.1474264592125114
157,10,400497,flow,16,405838,flow,2,1.0520968266362643e-12,5.124079245849675e-11,0.15893015231639102
157,10,400497,flow,16,405838,flow,3,0.005421114546327665,0.037232456025652644,0.06237973649086366
157,10,400497,flow,16,405838,flow,6,0.000609952273510943,0.006338690934730031,0.07683770040263065
157,10,400497,flow,16,405838,flow,7,1.0563712345933316e-11,4.609619932770902e-10,0.15176737863921175
157,10,400497,flow,16,405838,flow,10,0.0012815028218216666,0.011738957146458015,-0.07220787521468902
157,10,400497,flow,16,405838,flow,12,0.007543328287258138,0.048113359221844315,0.0599385284232614
157,10,400497,flow,17,400260,flow,1,1.1300557476788014e-07,2.944415458366962e-06,0.11868253796775555
157,10,400497,flow,17,400260,flow,2,1.8126354314043366e-14,1.020936774923955e-12,0.17080124610405792
157,10,400497,flow,17,400260,flow,3,2.4917720988441927e-13,1.2814827936912992e-11,0.16324140292099626
157,10,400497,flow,17,400260,flow,4,1.2918879534106272e-07,3.3358971660095094e-06,0.11813890720182181
157,10,400497,flow,17,400260,flow,5,5.838708552810713e-05,0.0008416156472519946,0.09006244593598019
157,10,400497,flow,17,400260,flow,6,1.3345690943859497e-07,3.4378881858958275e-06,0.11800651588429105
157,10,400497,flow,17,400260,flow,7,8.471658109465748e-12,3.7306384335262004e-10,0.15246742183078038
157,10,400497,flow,17,400260,flow,8,2.02524532271425e-10,7.688101752307171e-09,0.14206625691888952
157,10,400497,flow,17,400260,flow,9,0.002285766752647548,0.018769268905982527,0.06841070655607338
157,10,400497,flow,18,404528,flow,1,1.1034321821869662e-16,7.39042949929875e-15,0.18460623748757884
157,10,400497,flow,18,404528,flow,2,3.747571323615434e-07,8.885569768396636e-06,0.11372379064394691
157,10,400497,flow,18,404528,flow,3,0.0003658117301396323,0.004106826076411672,0.07988721979355869
157,10,400497,flow,18,404528,flow,7,0.0003434575334750577,0.0038963669763977136,0.08025614355433078
157,10,400497,flow,18,404528,flow,12,0.00014642444449756463,0.0018809206072836135,0.08510247544355734
157,10,400497,flow,19,401795,flow,1,4.5586322883003754e-18,3.3209597783233763e-16,0.19270884230768118
157,10,400497,flow,19,401795,flow,2,2.5335931810568867e-22,2.3042363246664737e-20,0.21562542288330766
157,10,400497,flow,19,401795,flow,3,8.563561822159727e-06,0.00015255499823393825,0.09968225780272073
157,10,400497,flow,19,401795,flow,7,0.0007455897877178498,0.007503635981054124,0.07561019776496927
157,10,400497,flow,19,401795,flow,8,0.0034090263762827995,0.025864056806360544,0.06567789309175981
157,10,400497,flow,19,401795,flow,10,4.791437261336568e-08,1.325160625414467e-06,-0.12211200199345237
157,10,400497,occupancy,1,400125,flow,1,1.9674322730826397e-21,1.7101222172468819e-19,0.2110506285687567
157,10,400497,occupancy,1,400125,flow,2,0.00016078231768012734,0.002033312682605826,0.08458301726690895
157,10,400497,occupancy,1,400125,flow,6,0.00019655009374892397,0.002429460386252794,0.08345767052980058
157,10,400497,occupancy,1,400125,flow,9,9.046837224300694e-05,0.0012340491572143668,-0.08773204592664999
157,10,400497,occupancy,1,400125,flow,10,0.0009065754921707173,0.008815954204278248,-0.07439790272465249
157,10,400497,occupancy,1,400125,flow,12,1.28483920633013e-06,2.7369355874487975e-05,0.10840120391948567
157,10,400497,occupancy,3,400039,flow,1,1.0738506033764574e-13,5.7413794635969e-12,0.16570795504282715
157,10,400497,occupancy,3,400039,flow,2,3.114581621908797e-08,8.958051003093211e-07,0.12379883380943257
157,10,400497,occupancy,3,400039,flow,7,1.9793714045514487e-05,0.0003212203030677032,0.09559416813378094
157,10,400497,occupancy,3,400039,flow,10,0.0019216716146086303,0.016348210663862314,-0.06956809118276559
157,10,400497,occupancy,3,400039,flow,12,5.795593155480752e-07,1.3198187892291433e-05,0.11186806394030234
157,10,400497,occupancy,4,400316,flow,1,8.407251040813168e-19,6.474032887043295e-17,0.1968654345164169
157,10,400497,occupancy,4,400316,flow,3,8.452243652019018e-07,1.8553705577602723e-05,-0.1102378693616208
157,10,400497,occupancy,4,400316,flow,4,3.62063201890256e-08,1.033099757044852e-06,-0.12321179503561618
157,10,400497,occupancy,4,400316,flow,6,4.631892196572313e-05,0.0006864416565760685,0.09127254014477615
157,10,400497,occupancy,4,400316,flow,7,7.795444937544327e-06,0.00014043503807419306,0.10013104717051556
157,10,400497,occupancy,4,400316,flow,11,4.405427276499826e-05,0.0006580721242904305,0.0915325786666353
157,10,400497,occupancy,4,400316,flow,12,5.448604165907785e-22,4.903743749317007e-20,0.21392866350029718
157,10,400497,occupancy,5,400503,flow,1,3.0735024654094625e-14,1.7044326894183413e-12,0.1693059224142947
157,10,400497,occupancy,5,400503,flow,2,2.7095264689686537e-06,5.4165452780863415e-05,0.10505330007433884
157,10,400497,occupancy,5,400503,flow,4,0.004503947221501462,0.0321870173645762,-0.06371487515144081
157,10,400497,occupancy,5,400503,flow,6,0.002693865712296926,0.021443707162562595,0.0672991204864081
157,10,400497,occupancy,5,400503,flow,7,8.590875277917796e-05,0.0011778032751699422,0.0880101971057127
157,10,400497,occupancy,5,400503,flow,8,0.0002938159973590202,0.0034175689515104123,0.08116303206429482
157,10,400497,occupancy,5,400503,flow,12,4.0884345649151795e-08,1.1513714028965826e-06,0.12273599698191563
157,10,400497,occupancy,6,405843,flow,1,6.003529842938648e-34,8.53133188207071e-32,0.26773259561216367
157,10,400497,occupancy,6,405843,flow,2,5.108397177254225e-13,2.5720601172189106e-11,0.16110732836408012
157,10,400497,occupancy,6,405843,flow,4,0.0014707469731563422,0.013205995627410165,-0.07132001375715732
157,10,400497,occupancy,6,405843,flow,6,8.4744566179866e-06,0.00015102991992451366,0.0997323020678355
157,10,400497,occupancy,6,405843,flow,7,7.226493170361359e-14,3.926849118988814e-12,0.16685569833944858
157,10,400497,occupancy,6,405843,flow,10,9.427334067910806e-07,2.0506587700591483e-05,-0.10976185953847419
157,10,400497,occupancy,6,405843,flow,12,1.206558326680556e-18,9.144442054842109e-17,0.19598497844253
157,10,400497,occupancy,7,408093,flow,1,0.005250304910523524,0.03624950809247502,0.06261206823990972
157,10,400497,occupancy,7,408093,flow,5,0.0002090725333873513,0.0025644331182094198,0.08310886943364852
157,10,400497,occupancy,8,401448,flow,1,0.0009977100707525938,0.009539857250224004,0.07379751802912263
157,10,400497,occupancy,8,401448,flow,2,0.00037838982785339025,0.004220614656149356,0.07968879717197554
157,10,400497,occupancy,8,401448,flow,3,0.00022509817487985178,0.002730761346478404,0.08269003936196194
157,10,400497,occupancy,8,401448,flow,5,0.005076055397704932,0.03531462079615677,0.06285621858579549
157,10,400497,occupancy,8,401448,flow,6,0.00016524902300230697,0.002084917579935649,0.08443029798341721
157,10,400497,occupancy,8,401448,flow,12,0.0025578074874852926,0.02055381016729253,0.06765150619119713
157,10,400497,occupancy,9,402391,flow,1,1.2616754870515606e-15,7.980143636987909e-14,0.17815093092283613
157,10,400497,occupancy,9,402391,flow,2,1.0446761124780743e-07,2.7351520035789578e-06,0.1190005196477158
157,10,400497,occupancy,9,402391,flow,7,0.0009580606653314247,0.009228142863392986,0.0740522110054778
157,10,400497,occupancy,9,402391,flow,8,0.0071498949286192305,0.04611458060859223,0.060339939227620154
157,10,400497,occupancy,9,402391,flow,12,3.8062677448570446e-06,7.370271921910548e-05,0.10349431056634943
157,10,400497,occupancy,10,400497,flow,1,2.2754039316689877e-62,5.236302858720319e-60,0.3615045170376352
157,10,400497,occupancy,10,400497,flow,3,1.381403096626811e-26,1.495654480558352e-24,-0.236217183506175
157,10,400497,occupancy,10,400497,flow,4,0.00025632439029325816,0.0030538371926830538,-0.08194865985595805
157,10,400497,occupancy,10,400497,flow,5,1.0436781636003836e-27,1.1802852530768734e-25,0.24131701892495175
157,10,400497,occupancy,10,400497,flow,6,4.2786507063953894e-91,1.4002856857294004e-88,0.4319877871009602
157,10,400497,occupancy,10,400497,flow,7,1.4311887687420152e-28,1.698553703561952e-26,0.24516017338546606
157,10,400497,occupancy,10,400497,flow,8,5.793911421898654e-21,4.860135406330522e-19,-0.2085966014130721
157,10,400497,occupancy,10,400497,flow,9,1.2345374148528536e-53,2.4921502954038914e-51,-0.33607418945721845
157,10,400497,occupancy,10,400497,flow,10,3.7628596138200034e-25,3.870369888500575e-23,-0.229510126030969
157,10,400497,occupancy,10,400497,flow,11,1.1653333594448367e-29,1.4261303435698851e-27,0.2499179480032946
157,10,400497,occupancy,10,400497,flow,12,1.745748857918194e-168,1.1602515486471689e-165,0.5658344146815757
157,10,400497,occupancy,11,405841,flow,3,3.162729961883826e-05,0.0004884245778600791,-0.09323485464418589
157,10,400497,occupancy,11,405841,flow,5,0.0064260683083424575,0.04252545204050156,0.061133234905280574
157,10,400497,occupancy,11,405841,flow,6,0.0003099316448369488,0.00356565833740511,0.08085385446808466
157,10,400497,occupancy,11,405841,flow,7,0.0008254634114550994,0.008158320607380528,0.0749812801204756
157,10,400497,occupancy,11,405841,flow,12,1.5366861865210194e-06,3.230405997941997e-05,0.10760708519792118
157,10,400497,occupancy,12,404520,flow,1,7.57370579340901e-24,7.452940552967408e-22,0.22322580442021706
157,10,400497,occupancy,12,404520,flow,3,6.7405362425101815e-22,6.028802601996684e-20,-0.21345458851319718
157,10,400497,occupancy,12,404520,flow,4,2.3108721141011863e-16,1.5194775544774926e-14,-0.18267293404587498
157,10,400497,occupancy,12,404520,flow,6,3.3333211419108016e-11,1.3636313762362371e-09,0.14806858816635515
157,10,400497,occupancy,12,404520,flow,7,4.3154430323336005e-12,1.9644587881645052e-10,0.15458716086164548
157,10,400497,occupancy,12,404520,flow,11,6.26925471120889e-10,2.22540512345295e-08,0.1381748905351667
157,10,400497,occupancy,12,404520,flow,12,3.4624609616085936e-31,4.4918412474922293e-29,0.2564223721142436
157,10,400497,occupancy,14,401469,flow,1,0.0002551143528250022,0.0030436177967523045,0.08197577084948325
157,10,400497,occupancy,14,401469,flow,2,0.0013376426668838632,0.01219117367286559,0.07193252320321361
157,10,400497,occupancy,14,401469,flow,6,8.118098773217877e-06,0.00014559058644451263,0.09993760021882185
157,10,400497,occupancy,14,401469,flow,7,6.127584730693502e-07,1.3902923338548281e-05,0.11162884407144799
157,10,400497,occupancy,14,401469,flow,8,0.0013950912008784554,0.01264273964295139,0.07166156903809147
157,10,400497,occupancy,14,401469,flow,12,2.5209433704921645e-05,0.0003980436900777102,0.09438345843170615
157,10,400497,occupancy,15,401472,flow,1,1.6460946690212867e-207,1.6931259452790377e-204,0.6156225647581418
157,10,400497,occupancy,15,401472,flow,2,5.617421336601459e-60,1.2508896996968197e-57,0.3547688792173789
157,10,400497,occupancy,15,401472,flow,3,0.0009681105003995973,0.009310412648544658,-0.07398674463298467
157,10,400497,occupancy,15,401472,flow,4,1.9918546407869598e-31,2.623418307377947e-29,-0.25742839843977217
157,10,400497,occupancy,15,401472,flow,5,4.768608064697749e-06,9.009118238561371e-05,-0.10244803988139964
157,10,400497,occupancy,15,401472,flow,6,2.47972854778064e-19,1.9691961997081553e-17,0.19981075473324514
157,10,400497,occupancy,15,401472,flow,7,1.8618203264431045e-44,3.282883187850699e-42,0.30647710389092286
157,10,400497,occupancy,15,401472,flow,9,9.013244183405854e-29,1.0815893020087024e-26,-0.24604503667821542
157,10,400497,occupancy,15,401472,flow,10,5.12641700010757e-37,8.232758899801005e-35,-0.27969498331497233
157,10,400497,occupancy,15,401472,flow,12,1.427473385859336e-97,5.1389041890936094e-95,0.4457855795015922
157,10,400497,occupancy,16,405838,flow,1,3.6622386916340656e-10,1.3389193709337427e-08,0.14000467972514377
157,10,400497,occupancy,16,405838,flow,2,1.524477695451425e-14,8.757637824933719e-13,0.17124608282492662
157,10,400497,occupancy,16,405838,flow,3,0.000329292124111102,0.0037524188239513603,-0.08050172391443633
157,10,400497,occupancy,16,405838,flow,4,1.6904709843183286e-05,0.00027916034603421943,-0.09637634152303577
157,10,400497,occupancy,16,405838,flow,5,8.859658232021272e-06,0.0001573755080687989,-0.09951946030353266
157,10,400497,occupancy,16,405838,flow,7,0.000185026865576486,0.0022982060359126497,0.0837975902899758
157,10,400497,occupancy,16,405838,flow,9,3.9077244580116934e-05,0.0005904641363627323,-0.09215171686164399
157,10,400497,occupancy,16,405838,flow,10,1.1077449409812262e-11,4.809505673405928e-10,-0.1516163277306394
157,10,400497,occupancy,16,405838,flow,11,4.463549389062819e-09,1.4411459910875468e-07,-0.13114362947443556
157,10,400497,occupancy,17,400260,flow,1,4.639546017992837e-05,0.0006873401508137537,0.0912639637364921
157,10,400497,occupancy,17,400260,flow,2,1.5806984793348332e-14,9.032562739056189e-13,0.1711867787719877
157,10,400497,occupancy,17,400260,flow,3,1.564005307960009e-10,5.995122387211392e-09,0.14294145649012346
157,10,400497,occupancy,17,400260,flow,4,1.2561480507094069e-05,0.00021431909869923531,0.09783271961386532
157,10,400497,occupancy,17,400260,flow,5,0.007762991087588351,0.04912352077406496,0.059722504251269175
157,10,400497,occupancy,17,400260,flow,6,8.906321848118224e-06,0.0001580744058499208,0.09949427914153691
157,10,400497,occupancy,17,400260,flow,7,1.164365571138494e-10,4.491124345819905e-09,0.14393422116174795
157,10,400497,occupancy,17,400260,flow,8,3.186724799104898e-10,1.175632035194975e-08,0.14051804980611016
157,10,400497,occupancy,17,400260,flow,9,0.0020927766436664033,0.01747351198422664,0.069001212002723
157,10,400497,occupancy,18,404528,flow,1,1.7078417708660293e-12,8.072074890745346e-11,0.1574531715071363
157,10,400497,occupancy,18,404528,flow,2,6.058914890946511e-08,1.6534751944970893e-06,0.12118327219276052
157,10,400497,occupancy,18,404528,flow,7,0.0057026097140568475,0.03874079881227486,0.062010883604639716
157,10,400497,occupancy,18,404528,flow,12,0.0002530490088613874,0.0030223160582836424,0.0820223246441208
157,10,400497,occupancy,19,401795,flow,1,1.3132368054113608e-14,7.594622489125942e-13,0.17170734022211087
157,10,400497,occupancy,19,401795,flow,2,3.228456464933467e-26,3.4693860518688006e-24,0.23451435573629253
157,10,400497,occupancy,19,401795,flow,3,2.5386825576692405e-05,0.00040069816036284687,0.0943481411248366
157,10,400497,occupancy,19,401795,flow,7,5.6839807734245276e-05,0.0008215054179054519,0.09020357554232024
157,10,400497,occupancy,19,401795,flow,8,0.0005917613577720004,0.006180051606803565,0.07702128605907199
157,10,400497,occupancy,19,401795,flow,10,5.7955278092255025e-08,1.5876144664460478e-06,-0.12135967140869082
157,10,400497,occupancy,19,401795,flow,11,0.0023229881994041835,0.018980640748693337,-0.0683020974031436
157,10,400497,speed,1,400125,flow,4,0.0008560430731626261,0.008410520982630305,-0.07475535171489468
157,10,400497,speed,1,400125,flow,7,0.0035128534786886636,0.026498213773240836,-0.065468850555604
157,10,400497,speed,1,400125,flow,10,0.0018963642440220918,0.016183906626186167,0.0696558382682583
157,10,400497,speed,1,400125,flow,11,3.0012413555614348e-05,0.0004667157183594456,0.09350143565002066
157,10,400497,speed,3,400039,flow,6,0.005683293371044732,0.038627796354489055,-0.062035663916169256
157,10,400497,speed,4,400316,flow,1,0.0014159023497399904,0.012815206685264527,-0.07156594589772314
157,10,400497,speed,4,400316,flow,8,0.006909895385405179,0.04482878259682248,0.06059464591726246
157,10,400497,speed,4,400316,flow,12,0.005603632791465951,0.038212618246460786,-0.0621386666853101
157,10,400497,speed,5,400503,flow,1,0.0006729987667485276,0.0068960025435333,-0.07623857483494476
157,10,400497,speed,5,400503,flow,4,0.0016987302860605948,0.014810322574736166,-0.07038063870783125
157,10,400497,speed,6,405843,flow,1,9.517041703277338e-05,0.0012892323662012577,-0.08745873532663061
157,10,400497,speed,6,405843,flow,2,1.921614473536857e-05,0.0003125638849473132,-0.0957414343574155
157,10,400497,speed,6,405843,flow,4,0.0009322812139956395,0.009021277428592014,-0.07422309487020128
157,10,400497,speed,6,405843,flow,6,6.534473643265332e-05,0.0009280435977906725,-0.089468636039396
157,10,400497,speed,6,405843,flow,7,0.0023636681756629553,0.019216064498436783,-0.06818520305869656
157,10,400497,speed,8,401448,flow,10,0.003146676155696711,0.024265692596590133,0.06623310368632354
157,10,400497,speed,8,401448,flow,11,1.3307555070345713e-05,0.00022518534441494503,0.09755134320259941
157,10,400497,speed,9,402391,flow,1,0.006174406503028876,0.0413138189200919,-0.06142795935972277
157,10,400497,speed,9,402391,flow,2,0.0029064992115332023,0.022778743285380865,-0.06677968329161628
157,10,400497,speed,9,402391,flow,3,0.0017511373521209364,0.015187539371938256,-0.07018118632217243
157,10,400497,speed,9,402391,flow,5,1.758975479248909e-05,0.00028892677073594247,-0.09617996141572502
157,10,400497,speed,10,400497,flow,1,5.285372883994086e-09,1.6900674210847113e-07,-0.1305207970578454
157,10,400497,speed,10,400497,flow,2,1.0093360818802968e-05,0.00017681799974545345,-0.09889275419399228
157,10,400497,speed,10,400497,flow,3,0.007487007942023162,0.0477986997632384,-0.059994822957380005
157,10,400497,speed,10,400497,flow,5,0.0010841974967574907,0.010228725018546318,-0.07327295614968747
157,10,400497,speed,10,400497,flow,6,7.718396048022694e-05,0.0010735180594802973,-0.08858366913132316
157,10,400497,speed,10,400497,flow,9,7.188320770920593e-09,2.2600833864903175e-07,0.12937992087371303
157,10,400497,speed,10,400497,flow,10,5.123121213459804e-07,1.180367127581139e-05,0.11239599555693963
157,10,400497,speed,10,400497,flow,11,3.8480022286372344e-05,0.0005821089763760046,0.09223097871785313
157,10,400497,speed,11,405841,flow,11,0.001811777477676077,0.01560029827145182,-0.06995713263420593
157,10,400497,speed,12,404520,flow,1,9.6987756422045e-13,4.755812800717757e-11,-0.159176871394632
157,10,400497,speed,12,404520,flow,2,1.098793445569155e-05,0.00019048104674393058,-0.0984825238478884
157,10,400497,speed,12,404520,flow,8,3.2784122600435165e-05,0.0005045508002631989,0.09305172083234091
157,10,400497,speed,12,404520,flow,12,7.98501568604389e-06,0.00014361060684308743,-0.10001648417786292
157,10,400497,speed,14,401469,flow,3,0.0012348732067427402,0.011393960386861678,-0.07244517562415503
157,10,400497,speed,14,401469,flow,6,0.0032874523727850114,0.02514036865008187,-0.06593015836214892
157,10,400497,speed,14,401469,flow,8,0.00045577978565332805,0.004950889298522446,-0.0785885750448872
157,10,400497,speed,14,401469,flow,9,0.00010399000636594957,0.0013947122865597707,-0.08697879826085261
157,10,400497,speed,14,401469,flow,10,0.007814567939051598,0.04936238265346236,-0.059672576138980096
157,10,400497,speed,15,401472,flow,1,2.0010222727037178e-08,5.888566906049088e-07,-0.12550849146308532
157,10,400497,speed,15,401472,flow,2,7.37432667851185e-14,3.9921166981417536e-12,-0.16679721306248424
157,10,400497,speed,15,401472,flow,3,1.4350794038696018e-05,0.00024094609501425104,-0.09718212644330622
157,10,400497,speed,15,401472,flow,9,2.7187481580096835e-17,1.903564350502728e-15,0.18821319617525828
157,10,400497,speed,15,401472,flow,10,1.0909274946473215e-21,9.59838447429008e-20,0.21237766459816576
157,10,400497,speed,15,401472,flow,11,4.121189488142592e-10,1.4973539603680402e-08,0.13963219595473064
157,10,400497,speed,16,405838,flow,8,0.003613941741221223,0.027085753508111873,-0.06527065163874826
157,10,400497,speed,17,400260,flow,6,9.959006293191454e-05,0.0013440458352573282,-0.08721321723670163
157,10,400497,speed,17,400260,flow,7,4.2228484038422766e-08,1.184591240558353e-06,-0.12260903361403706
157,10,400497,speed,17,400260,flow,8,2.216114949918324e-09,7.35865994131219e-08,-0.13369369027916225
157,10,400497,speed,17,400260,flow,9,9.928752035800884e-08,2.6106030915800252e-06,-0.11920593284612395
157,10,400497,speed,17,400260,flow,12,0.0035496410247123403,0.026724379969950002,0.0653961299245214
157,10,400497,speed,19,401795,flow,4,0.007292786655692484,0.04681903600728533,-0.06019191082675512
157,10,400497,speed,19,401795,flow,5,0.00011103210237468938,0.0014763271229875597,-0.08662240149273222
157,10,400497,speed,19,401795,flow,6,0.00011637387991680066,0.0015388001631107446,-0.08636599817439582
157,10,400497,speed,19,401795,flow,7,0.0023170186086843582,0.01895024685633553,-0.06831940845726135
157,10,400497,speed,19,401795,flow,8,2.470027968277982e-05,0.00039143509988851357,-0.09448615480233946
157,10,400497,speed,19,401795,flow,11,1.4255247623850261e-05,0.0002396212830156931,0.09721485878050552
157,10,400497,speed,19,401795,flow,12,3.5830099539718626e-06,6.978630748944295e-05,0.10377319081626235
157,11,405841,flow,0,400593,flow,3,0.001341504523752571,0.012218637028486416,0.07191397574943872
157,11,405841,flow,2,400331,flow,2,0.0025995924710523486,0.020846926814453583,0.06754149836354917
157,11,405841,flow,2,400331,flow,3,0.00014982293982383258,0.0019188707383307345,0.08497532570598482
157,11,405841,flow,2,400331,flow,6,0.0015956205275142496,0.014096279506874353,0.07079014404415121
157,11,405841,flow,3,400039,flow,2,0.0002265225187077777,0.0027457274994882146,0.0826541798120391
157,11,405841,flow,4,400316,flow,1,0.004201245672583584,0.03050316185808585,0.06420998138159628
157,11,405841,flow,4,400316,flow,12,0.0018183190832990318,0.015635227786329257,0.06993337579167301
157,11,405841,flow,6,405843,flow,1,0.00024542776219193727,0.0029434978697089643,0.08219724907781599
157,11,405841,flow,6,405843,flow,2,0.0014603581846354516,0.013143223661719066,0.07136594292002056
157,11,405841,flow,6,405843,flow,7,0.0018088208625699348,0.015587684273493154,0.06996789589111878
157,11,405841,flow,7,408093,flow,6,6.148290206530751e-07,1.392795683912577e-05,0.1116143411574472
157,11,405841,flow,7,408093,flow,11,4.065892012212383e-06,7.827385691959668e-05,0.10318906661944847
157,11,405841,flow,7,408093,flow,12,0.00023822162886372872,0.0028706204649687813,0.08236739346545634
157,11,405841,flow,8,401448,flow,3,0.00041213064987343824,0.004551136010872324,0.07918547660002807
157,11,405841,flow,10,400497,flow,1,0.004891725934844352,0.034366980059404126,0.06312287508209263
157,11,405841,flow,10,400497,flow,6,0.0003519261597060699,0.003977815305939879,0.08011381092177997
157,11,405841,flow,10,400497,flow,12,0.00022707194420333764,0.00275161514434339,0.08264040386875884
157,11,405841,flow,11,405841,flow,1,7.85256827800211e-56,1.6467521825713163e-53,0.3424517134307808
157,11,405841,flow,11,405841,flow,2,1.18547920792206e-16,7.92766281458715e-15,0.18432827233620108
157,11,405841,flow,11,405841,flow,3,8.620339717425535e-17,5.846133057971477e-15,0.1852013899278184
157,11,405841,flow,11,405841,flow,4,1.1620148278808406e-05,0.00020015566413258498,0.09821140069214129
157,11,405841,flow,11,405841,flow,5,0.0029171683719337303,0.02283828808762906,0.06675454374578882
157,11,405841,flow,11,405841,flow,6,1.1304771433622431e-08,3.434360941859979e-07,0.12768196143425006
157,11,405841,flow,11,405841,flow,7,4.607265847220656e-05,0.0006837302803158102,0.09130022634097791
157,11,405841,flow,11,405841,flow,10,0.002790046448262755,0.022022657877754617,0.06705969287424368
157,11,405841,flow,11,405841,flow,11,0.0030333886398370155,0.02357186317091578,0.0664859961713091
157,11,405841,flow,12,404520,flow,1,0.0005512855348347111,0.005817180045153767,0.0774493757503139
157,11,405841,flow,12,404520,flow,5,0.004208234754684108,0.030543639348513684,0.06419819034784803
157,11,405841,flow,12,404520,flow,12,7.996931327927841e-05,0.0011065580825319753,0.08839421002232234
157,11,405841,flow,13,400183,flow,1,0.0008138983653070443,0.008071719325359118,0.0750687518174
157,11,405841,flow,13,400183,flow,2,0.0001485539923423065,0.001903747395190638,0.08502248103947999
157,11,405841,flow,13,400183,flow,4,0.0018116526178797634,0.01560029827145182,0.06995758684729401
157,11,405841,flow,13,400183,flow,6,0.00015683825087163932,0.0019974682894029535,0.0847212208283829
157,11,405841,flow,13,400183,flow,7,1.3163247081123257e-06,2.7998634854974138e-05,0.10829411934027583
157,11,405841,flow,13,400183,flow,8,0.003660448180213134,0.02734890373317319,0.06518115590997939
157,11,405841,flow,13,400183,flow,9,0.00303991344353338,0.023602491150367007,0.06647119911096777
157,11,405841,flow,13,400183,flow,12,0.0026903912716026374,0.021427895083560827,0.06730791483359505
157,11,405841,flow,14,401469,flow,5,1.7758337009006288e-05,0.0002911423752520196,0.09613275165553355
157,11,405841,flow,14,401469,flow,6,0.001307968489479504,0.011956038668115654,0.07207671031352973
157,11,405841,flow,14,401469,flow,9,0.003800951560398431,0.02819387146449386,0.06491691472978654
157,11,405841,flow,14,401469,flow,10,0.0010048785804159753,0.009593536944523785,0.07375247242311948
157,11,405841,flow,14,401469,flow,11,0.000815825917419847,0.008076003582157971,0.07505409316493325
157,11,405841,flow,15,401472,flow,1,9.366569772354792e-05,0.0012716398936697894,0.08754478507293055
157,11,405841,flow,15,401472,flow,6,0.00773307771721886,0.0489837180914743,0.05975159763704403
157,11,405841,flow,15,401472,flow,7,0.0023371278020921523,0.019049796424600186,0.06826125620874031
157,11,405841,flow,15,401472,flow,10,0.004713367250556683,0.03334165142034529,-0.06338968517441597
157,11,405841,flow,16,405838,flow,2,0.0015793175926045735,0.013990195094894079,0.07085710936795936
157,11,405841,flow,16,405838,flow,5,0.006360724390567407,0.04218997292684047,0.061208748444543756
157,11,405841,flow,16,405838,flow,7,0.006690200970202051,0.043830252034080766,0.060834863280017866
157,11,405841,flow,16,405838,flow,8,0.00014634906206484279,0.001880511445925404,0.08510532712680707
157,11,405841,flow,18,404528,flow,6,0.0017643241769745846,0.015280433930493595,0.07013186371830944
157,11,405841,flow,19,401795,flow,4,2.981000448182948e-05,0.00046373503551135525,0.09353580478684251
157,11,405841,flow,19,401795,flow,6,0.0008401187953490421,0.008269177842970585,0.07487205243416035
157,11,405841,flow,19,401795,flow,8,0.0003404418888033916,0.003866217033729368,0.08030762077184667
157,11,405841,occupancy,2,400331,flow,3,0.003864299335265806,0.028575441849278124,0.06480066860846992
157,11,405841,occupancy,3,400039,flow,2,0.004949688960248819,0.034670216412365375,0.06303805919625968
157,11,405841,occupancy,6,405843,flow,7,0.002782552921574346,0.021988254798511665,0.06707807408011392
157,11,405841,occupancy,7,408093,flow,6,6.442558553656153e-06,0.00011818196582503007,0.10103558228806274
157,11,405841,occupancy,7,408093,flow,7,0.006794474280356612,0.0443027250679869,0.06071997980513408
157,11,405841,occupancy,7,408093,flow,11,0.00033795261737708796,0.0038399666151210416,0.08035043494702099
157,11,405841,occupancy,10,400497,flow,6,0.000736642133842796,0.007435266397665605,0.07568450260867858
157,11,405841,occupancy,10,400497,flow,7,0.007166269371252446,0.046200937137666,0.0603228422392029
157,11,405841,occupancy,10,400497,flow,12,0.00048493094519680056,0.005206018099528276,0.07821895483684217
157,11,405841,occupancy,11,405841,flow,3,1.8583114072009144e-05,0.0003036272798452326,-0.09590776107851484
157,11,405841,occupancy,11,405841,flow,6,1.208870580966974e-05,0.00020715275326367818,0.09801939270735228
157,11,405841,occupancy,11,405841,flow,7,0.002173101746797735,0.017991871882462648,0.06874961358854152
157,11,405841,occupancy,11,405841,flow,12,0.0015198771762257016,0.013559213446331228,0.07110677465859087
157,11,405841,occupancy,12,404520,flow,12,0.0010362538187596844,0.009856046889127777,0.0735587492923906
157,11,405841,occupancy,13,400183,flow,2,0.001270786109093047,0.011663046507928538,0.07226169955556479
157,11,405841,occupancy,13,400183,flow,6,0.0034181073844490296,0.02591929770198316,0.0656593802083572
157,11,405841,occupancy,13,400183,flow,7,0.00013662142509763306,0.001772211193510342,0.08548544080954065
157,11,405841,occupancy,14,401469,flow,5,4.776431285756772e-07,1.1105588350091095e-05,0.11269487572119351
157,11,405841,occupancy,14,401469,flow,6,0.0001593359664044706,0.0020245040437273914,0.08463332469574045
157,11,405841,occupancy,14,401469,flow,10,0.00010132175188354786,0.0013644325690053826,0.08711981276499906
157,11,405841,occupancy,14,401469,flow,11,0.0018997112765803377,0.016202868143784913,0.06964417180882877
157,11,405841,occupancy,15,401472,flow,6,0.0033031459262163844,0.025220202193804844,0.06589712169530303
157,11,405841,occupancy,15,401472,flow,7,0.0015877253629166044,0.014049515706267373,0.07082249493115252
157,11,405841,occupancy,18,404528,flow,6,0.003458166741137562,0.02618629328959556,0.06557824398526846
157,11,405841,occupancy,19,401795,flow,4,0.007312445091061226,0.046917811961064156,0.060171749622718186
157,11,405841,occupancy,19,401795,flow,6,0.0026172715199311225,0.02096983749675118,0.0674954402004534
157,11,405841,speed,0,400593,flow,6,0.005977183912603011,0.04024537796515743,-0.0616665827471302
157,11,405841,speed,8,401448,flow,4,0.000501808462013483,0.005365872663114472,0.07801431715216181
157,11,405841,speed,14,401469,flow,12,0.003979414254477242,0.029256415213311245,0.064593785815884
157,11,405841,speed,15,401472,flow,1,0.0010835988087387373,0.010227738036592915,0.0732764523014318
157,11,405841,speed,17,400260,flow,6,0.0015364467825354302,0.013671369929048525,0.07103628714098087
157,11,405841,speed,17,400260,flow,11,0.0011189478098826162,0.010503812556916346,0.07307302110740256
157,11,405841,speed,17,400260,flow,12,0.003612819730118941,0.027085753508111873,0.06527282370848231
157,12,404520,flow,1,400125,flow,1,1.5356395406345481e-07,3.897745485041861e-06,0.1174332476462616
157,12,404520,flow,1,400125,flow,2,8.85547233669728e-09,2.742339820396577e-07,0.12860044541947654
157,12,404520,flow,1,400125,flow,3,6.344152354425887e-08,1.7280414988095733e-06,0.12100042398881532
157,12,404520,flow,1,400125,flow,4,0.0019792726479760706,0.0167227209687864,0.06937226177265049
157,12,404520,flow,1,400125,flow,5,0.0006549405526057185,0.00673492784398168,0.07640466006813904
157,12,404520,flow,1,400125,flow,8,0.001024562082786673,0.009755583419965677,-0.07363029645070628
157,12,404520,flow,1,400125,flow,9,6.662552437304208e-07,1.4959577198105082e-05,-0.11126845445433757
157,12,404520,flow,1,400125,flow,12,0.0012481575912824687,0.011494437847666307,0.0723767399039139
157,12,404520,flow,3,400039,flow,1,1.8198054878146368e-18,1.3648541158609775e-16,0.19493011957057318
157,12,404520,flow,3,400039,flow,2,1.868484231113922e-18,1.3989344676624163e-16,0.1948652838032331
157,12,404520,flow,3,400039,flow,3,2.2077091791042466e-07,5.459246510435229e-06,0.1159086943603128
157,12,404520,flow,3,400039,flow,8,0.0004683795574437557,0.005061050541627351,-0.07842618922063926
157,12,404520,flow,3,400039,flow,9,6.5120181947344465e-15,3.8642745331391226e-13,-0.17366256057679066
157,12,404520,flow,3,400039,flow,10,0.0007912930813490703,0.007888128121063369,-0.0752431055924133
157,12,404520,flow,3,400039,flow,12,0.003169371349567321,0.02441020543792267,0.06618344037678471
157,12,404520,flow,4,400316,flow,1,0.0,0.0,0.793176159983663
157,12,404520,flow,4,400316,flow,2,0.0005939528848404637,0.006200764771654914,-0.07697954798777751
157,12,404520,flow,4,400316,flow,3,3.492034277442441e-12,1.6014424711837945e-10,-0.1552464622180839
157,12,404520,flow,4,400316,flow,4,1.961838272898986e-06,4.041555240306924e-05,-0.10651436551632208
157,12,404520,flow,4,400316,flow,8,2.919175934306215e-08,8.424074840482865e-07,-0.12401962634547088
157,12,404520,flow,4,400316,flow,11,0.000964703276759359,0.009285913893940354,0.07399027119346137
157,12,404520,flow,4,400316,flow,12,3.7647836358721054e-12,1.719224662470137e-10,0.15497400098729258
157,12,404520,flow,5,400503,flow,1,0.0007190163678649384,0.007285215539330525,0.07583335728318837
157,12,404520,flow,5,400503,flow,2,4.564333388317269e-16,2.9473722328147385e-14,0.1808737393012343
157,12,404520,flow,5,400503,flow,3,0.0004958965587383842,0.0053107970194426115,0.078085258374611
157,12,404520,flow,5,400503,flow,4,0.0009399545969415409,0.009080062296036352,0.0741717778361103
157,12,404520,flow,5,400503,flow,6,0.00784489227938919,0.04952496660377218,0.0596433587121755
157,12,404520,flow,5,400503,flow,7,0.00495855908452042,0.03469545715116329,0.06302515903426403
157,12,404520,flow,5,400503,flow,11,0.0001178016423945273,0.0015548521085987103,0.08629934521400891
157,12,404520,flow,5,400503,flow,12,9.120975261416066e-09,2.8225367571144274e-07,0.1284896726605405
157,12,404520,flow,6,405843,flow,1,1.4402294664716322e-07,3.6831034055637312e-06,0.11769560588279793
157,12,404520,flow,6,405843,flow,2,0.0009065446719320829,0.008815954204278248,0.07439811505404184
157,12,404520,flow,6,405843,flow,5,6.459614552503357e-08,1.753961965230327e-06,0.12092866211350295
157,12,404520,flow,6,405843,flow,9,0.0002691006937188865,0.0031771385538824533,-0.08166950133138644
157,12,404520,flow,6,405843,flow,11,0.007622946765309953,0.0484423801502486,0.05985958550188668
157,12,404520,flow,6,405843,flow,12,7.293993348036317e-05,0.0010220581013142035,0.08888514682810018
157,12,404520,flow,7,408093,flow,1,0.003179793043230431,0.02446866039678565,0.06616074328667257
157,12,404520,flow,7,408093,flow,2,0.007593101274042226,0.04833092309394787,0.05988909082856141
157,12,404520,flow,7,408093,flow,3,5.023516882231232e-05,0.0007363960953932447,0.09085004644883897
157,12,404520,flow,7,408093,flow,5,3.171175315094925e-05,0.0004892670486146456,0.09322127155101859
157,12,404520,flow,7,408093,flow,7,0.004724497759492698,0.03339304699117876,0.06337276993332193
157,12,404520,flow,7,408093,flow,12,0.006889127024115872,0.044746697856232996,0.06061705857364377
157,12,404520,flow,8,401448,flow,1,0.005857469375371229,0.039562644936841314,0.061814908516041
157,12,404520,flow,8,401448,flow,3,0.000261939040588042,0.003108727075110828,0.08182441171013742
157,12,404520,flow,8,401448,flow,4,0.005241145013363145,0.03620362401299774,0.0626247191466666
157,12,404520,flow,8,401448,flow,5,0.007709666241917366,0.048885598363544724,0.0597744377398712
157,12,404520,flow,8,401448,flow,7,5.005891627281409e-05,0.0007340615013528746,0.09086837937206871
157,12,404520,flow,9,402391,flow,1,1.8412406668072107e-17,1.3082499474682814e-15,0.18915710583087908
157,12,404520,flow,9,402391,flow,2,3.186511305079228e-17,2.2202788448293975e-15,0.18776158177915409
157,12,404520,flow,9,402391,flow,3,1.2978328972049895e-05,0.00022030012243322414,-0.09767360480513373
157,12,404520,flow,9,402391,flow,4,1.2113893739376756e-05,0.00020750206563880882,-0.09800927320028752
157,12,404520,flow,9,402391,flow,8,0.00020736295161307637,0.00254563214256462,-0.08315531356340299
157,12,404520,flow,9,402391,flow,9,0.002083446901332995,0.01741244073081551,-0.06903100642454377
157,12,404520,flow,10,400497,flow,1,1.1509324262497107e-26,1.2524000205034635e-24,0.23658155627087793
157,12,404520,flow,10,400497,flow,5,2.834457980738682e-13,1.4490956777267582e-11,0.1628604497464774
157,12,404520,flow,10,400497,flow,6,1.5060400077674684e-09,5.1068232602476164e-08,0.1350801583207746
157,12,404520,flow,10,400497,flow,8,7.338016690775042e-14,3.977444429629634e-12,-0.16681147045639025
157,12,404520,flow,10,400497,flow,9,2.7630900215690366e-21,2.377798584298454e-19,-0.2102822873961777
157,12,404520,flow,10,400497,flow,11,7.543477369827577e-17,5.13194050986695e-15,0.1855927680565597
157,12,404520,flow,10,400497,flow,12,6.73940490024454e-53,1.323374053138928e-50,0.33381556574624255
157,12,404520,flow,11,405841,flow,6,0.0020458388190098212,0.017144565854747676,0.06915236092993951
157,12,404520,flow,11,405841,flow,11,0.002341812150404057,0.01908077798895799,0.06824777566786078
157,12,404520,flow,12,404520,flow,1,0.0,0.0,0.8319407862637263
157,12,404520,flow,12,404520,flow,2,1.9057628123421882e-06,3.935418427016373e-05,-0.10659123860785202
157,12,404520,flow,12,404520,flow,3,2.0982282625650106e-18,1.5682259678686585e-16,-0.19458019115784378
157,12,404520,flow,12,404520,flow,4,1.612549090161664e-09,5.4508701639267514e-08,-0.13480224769905155
157,12,404520,flow,12,404520,flow,8,0.0015615738772877753,0.013860692726285576,-0.0709307194225322
157,12,404520,flow,12,404520,flow,10,3.191956044466748e-06,6.270691274259368e-05,0.10430443334833114
157,12,404520,flow,12,404520,flow,11,3.416808516279176e-17,2.3692797416253676e-15,0.18762969728014017
157,12,404520,flow,12,404520,flow,12,1.8766904800570318e-29,2.2773322679343757e-27,0.2490218314791008
157,12,404520,flow,13,400183,flow,5,0.0022302991874269657,0.01838485935123224,0.0685755986689026
157,12,404520,flow,13,400183,flow,7,0.005207968083885436,0.03603206617934831,0.06267070811974955
157,12,404520,flow,14,401469,flow,5,0.0013076142683402256,0.011956038668115654,0.07207844962487657
157,12,404520,flow,14,401469,flow,12,0.004963989420228416,0.03471290484504014,0.063017271776345
157,12,404520,flow,15,401472,flow,1,7.895006317363036e-59,1.7312907254318942e-56,0.35147843334863743
157,12,404520,flow,15,401472,flow,2,1.607781860378162e-25,1.6736428040563038e-23,0.2312563052335054
157,12,404520,flow,15,401472,flow,3,0.00020146992334587287,0.00248600419552748,0.08331821133578782
157,12,404520,flow,15,401472,flow,6,1.9749086455602317e-06,4.062669213723905e-05,0.10648451047632332
157,12,404520,flow,15,401472,flow,8,6.814452345796649e-10,2.395316040182386e-08,-0.13788339709052744
157,12,404520,flow,15,401472,flow,9,1.9643482721347674e-35,2.946522408202151e-33,-0.2735973980637482
157,12,404520,flow,15,401472,flow,10,2.0220995440784937e-12,9.495076120020754e-11,-0.15693489539596212
157,12,404520,flow,15,401472,flow,11,0.0003837604965816938,0.004268396872381352,0.07960594455841968
157,12,404520,flow,15,401472,flow,12,1.0804838967403178e-54,2.2440819393837372e-52,0.33928301129994526
157,12,404520,flow,16,405838,flow,1,8.087850096513281e-06,0.00014515792445757113,0.09995542083367903
157,12,404520,flow,16,405838,flow,2,0.002712480698498215,0.02154153087533134,0.06725217873133449
157,12,404520,flow,16,405838,flow,6,0.00027468253949327525,0.003236848255894569,0.08155141803634545
157,12,404520,flow,16,405838,flow,7,0.000584120354608389,0.006109927195903731,0.07709997035897602
157,12,404520,flow,17,400260,flow,3,0.0037179445632183478,0.0276827309774272,0.06507192876951344
157,12,404520,flow,17,400260,flow,4,0.004433155929308124,0.03179683482419242,0.06382790102865168
157,12,404520,flow,17,400260,flow,5,3.5823875784545512e-09,1.172417752948762e-07,0.1319497787394121
157,12,404520,flow,17,400260,flow,6,4.558262054952462e-11,1.833490882438979e-09,0.14704500979373458
157,12,404520,flow,17,400260,flow,7,5.567774465670797e-17,3.830061415875453e-15,0.18637659025792894
157,12,404520,flow,17,400260,flow,8,8.495506557445828e-11,3.3183172086949348e-09,0.14498728138589198
157,12,404520,flow,18,404528,flow,1,8.419642387932906e-21,7.0490029294322e-19,0.20774016357756903
157,12,404520,flow,18,404528,flow,2,8.524322377602229e-13,4.1989820605748726e-11,0.15956744093616318
157,12,404520,flow,18,404528,flow,3,8.1826224007552e-13,4.044499859412182e-11,0.1596910299280053
157,12,404520,flow,18,404528,flow,4,3.449465954582381e-06,6.739797794570732e-05,0.10394807564496772
157,12,404520,flow,18,404528,flow,6,0.0008080389554858004,0.008019132294276723,0.07511350994174938
157,12,404520,flow,18,404528,flow,12,3.1559204759340306e-07,7.540694942497241e-06,0.11444721543719445
157,12,404520,flow,19,401795,flow,2,0.002727661206294585,0.02163300240718305,0.06721411499388272
157,12,404520,flow,19,401795,flow,3,2.9353158549603127e-07,7.0565189167660275e-06,0.11475099215599519
157,12,404520,flow,19,401795,flow,4,2.6454379653653182e-05,0.00041678672539672407,0.09414042710870238
157,12,404520,flow,19,401795,flow,5,3.051744651531659e-06,6.0253824929692726e-05,0.10451023216270824
157,12,404520,flow,19,401795,flow,6,3.5229142943595856e-10,1.2919346138907817e-08,0.14017320439501485
157,12,404520,flow,19,401795,flow,7,1.430548309961883e-06,3.0323693322057576e-05,0.1079252781080826
157,12,404520,flow,19,401795,flow,10,4.649958931700286e-11,1.865164585417385e-09,-0.14697962933192646
157,12,404520,flow,19,401795,flow,11,4.814806849887734e-05,0.0007101419273112022,-0.09107115854980644
157,12,404520,occupancy,0,400593,flow,5,0.006216968785325473,0.04151693484712637,-0.06137736374585773
157,12,404520,occupancy,1,400125,flow,1,1.8611514450557816e-22,1.7143228662347497e-20,0.2163048546687731
157,12,404520,occupancy,1,400125,flow,2,9.59967203947104e-15,5.62694480468316e-13,0.1725836185886826
157,12,404520,occupancy,1,400125,flow,3,3.1643011554872997e-09,1.0379484428022121e-07,0.13240255397210796
157,12,404520,occupancy,1,400125,flow,4,7.968345149373042e-07,1.762583258847493e-05,0.11049408793004489
157,12,404520,occupancy,1,400125,flow,5,0.0003580987790591848,0.004034915820385181,0.08001207034487891
157,12,404520,occupancy,1,400125,flow,9,0.0001053250797871632,0.0014099917715542144,0.08690951705840302
157,12,404520,occupancy,1,400125,flow,10,9.62945372474348e-11,3.737577726045986e-09,0.14456964940499847
157,12,404520,occupancy,1,400125,flow,11,5.019950790340319e-15,3.0203603641044817e-13,0.174382197606034
157,12,404520,occupancy,1,400125,flow,12,3.943459174972413e-10,1.4376154966988038e-08,0.1397844563676855
157,12,404520,occupancy,3,400039,flow,1,3.5113945085201756e-25,3.62033992286567e-23,0.22965270414516684
157,12,404520,occupancy,3,400039,flow,2,6.798678030845753e-14,3.708369835006775e-12,0.16703181734306782
157,12,404520,occupancy,3,400039,flow,3,9.801309830489164e-11,3.797458158539299e-09,0.14451058687574522
157,12,404520,occupancy,3,400039,flow,4,1.8608965040883948e-07,4.665741670146179e-06,0.11664408330288212
157,12,404520,occupancy,3,400039,flow,5,1.2754086978140773e-05,0.00021709084218111954,0.09775858402167038
157,12,404520,occupancy,3,400039,flow,6,0.0009245220388145862,0.008961039281308081,0.07427538481948248
157,12,404520,occupancy,3,400039,flow,9,0.00039638030436696105,0.004391800243306673,0.0794154439567721
157,12,404520,occupancy,3,400039,flow,10,5.430933633369884e-07,1.2446489812285355e-05,0.1121465367984272
157,12,404520,occupancy,3,400039,flow,11,4.6472910844138976e-10,1.675817820089152e-08,0.13921639451326676
157,12,404520,occupancy,3,400039,flow,12,1.8208082271674481e-06,3.7780458892235234e-05,0.10684923648855178
157,12,404520,occupancy,4,400316,flow,2,0.00536913300311365,0.0369106533632256,-0.06244973304826927
157,12,404520,occupancy,4,400316,flow,3,0.006886788607455892,0.04474496433179343,-0.06061958592783871
157,12,404520,occupancy,4,400316,flow,8,0.0001758773975492058,0.0021984674693650724,0.08408196084339069
157,12,404520,occupancy,4,400316,flow,9,1.5531518386728345e-13,8.16254980908351e-12,0.1646312207947547
157,12,404520,occupancy,4,400316,flow,10,2.6483337434955583e-20,2.183359116774964e-18,0.20509051316202873
157,12,404520,occupancy,4,400316,flow,11,7.090396409255365e-14,3.857747164733398e-12,0.16691058883941914
157,12,404520,occupancy,4,400316,flow,12,0.0020226120509932713,0.016999385331305312,0.06922833517858251
157,12,404520,occupancy,5,400503,flow,1,1.7594578761862626e-09,5.9196713591313504e-08,0.13452363108189275
157,12,404520,occupancy,5,400503,flow,2,5.241207896982944e-07,1.20564526703761e-05,0.11229862994874006
157,12,404520,occupancy,5,400503,flow,3,1.020913770479142e-07,2.6778066110928314e-06,0.11909349517738367
157,12,404520,occupancy,5,400503,flow,4,1.3179283368516772e-08,3.98143385678269e-07,0.12710156448096196
157,12,404520,occupancy,5,400503,flow,5,5.2307683201341685e-11,2.0845866368062367e-09,0.14659266540235033
157,12,404520,occupancy,5,400503,flow,6,1.9536581688557463e-10,7.426478703870877e-09,0.1421884481184037
157,12,404520,occupancy,5,400503,flow,7,4.695155991274214e-10,1.6902561568587173e-08,0.13918087410769017
157,12,404520,occupancy,5,400503,flow,8,2.280368806578261e-11,9.527266193827937e-10,0.14930072731909094
157,12,404520,occupancy,5,400503,flow,9,2.8829449846352696e-16,1.8813175730550403e-14,0.18209028456315976
157,12,404520,occupancy,5,400503,flow,10,2.245974159084764e-22,2.0469637905582658e-20,0.21589112996189713
157,12,404520,occupancy,5,400503,flow,11,3.859913021396897e-25,3.951380154605354e-23,0.22945760738353585
157,12,404520,occupancy,5,400503,flow,12,4.181594820090094e-18,3.056597228898343e-16,0.19292339436641148
157,12,404520,occupancy,6,405843,flow,1,2.5526168894874655e-15,1.5575289495177756e-13,0.176238255236322
157,12,404520,occupancy,6,405843,flow,2,1.1968042019952963e-12,5.7767532431504804e-11,0.15849917326954577
157,12,404520,occupancy,6,405843,flow,3,3.366609530800979e-11,1.370759017253556e-09,0.14803619817912672
157,12,404520,occupancy,6,405843,flow,4,1.158621515170902e-14,6.727479765508463e-13,0.17205818903739414
157,12,404520,occupancy,6,405843,flow,5,2.3777042962967177e-15,1.4611212745379545e-13,0.17643189460510061
157,12,404520,occupancy,6,405843,flow,6,3.434471989158608e-10,1.260570857533151e-08,0.1402607046092138
157,12,404520,occupancy,6,405843,flow,7,6.478253116042567e-07,1.4599614093987025e-05,0.11138935919663312
157,12,404520,occupancy,6,405843,flow,8,1.4753337563334311e-08,4.419862570985036e-07,0.1266730911474028
157,12,404520,occupancy,6,405843,flow,9,5.741835779786015e-17,3.937258820424696e-15,0.18629729436497072
157,12,404520,occupancy,6,405843,flow,10,4.871141924537304e-31,6.262896760119391e-29,0.2557990624696894
157,12,404520,occupancy,6,405843,flow,11,2.474660399507154e-35,3.686390664093415e-33,0.2732058769240053
157,12,404520,occupancy,6,405843,flow,12,1.4648662550356014e-22,1.3638409960676288e-20,0.2168306875320077
157,12,404520,occupancy,7,408093,flow,1,4.589617791273789e-06,8.703752791177686e-05,0.10262633052262789
157,12,404520,occupancy,7,408093,flow,2,6.8337864805806e-07,1.5312218670180597e-05,0.11115897299071474
157,12,404520,occupancy,7,408093,flow,3,4.6860512378953576e-08,1.3018483181805753e-06,0.1221996525148547
157,12,404520,occupancy,7,408093,flow,4,8.128574335531465e-07,1.7943505942511974e-05,0.11040762825906626
157,12,404520,occupancy,7,408093,flow,5,3.923030042151586e-06,7.575990067990546e-05,0.1033546398065554
157,12,404520,occupancy,7,408093,flow,6,7.551696196569212e-05,0.0010514690844187636,0.0887001720800448
157,12,404520,occupancy,7,408093,flow,7,7.799921606385005e-05,0.0010831135113977249,0.0885275557037437
157,12,404520,occupancy,7,408093,flow,8,5.469819250150199e-05,0.0007934727723522115,0.09040503672657862
157,12,404520,occupancy,7,408093,flow,9,6.5627959109025025e-06,0.00012018346051334807,0.1009481691498052
157,12,404520,occupancy,7,408093,flow,10,2.302464008684586e-06,4.676372598738792e-05,0.10579232348301698
157,12,404520,occupancy,7,408093,flow,11,3.297524328224496e-05,0.0005068786455078224,0.09302205692114829
157,12,404520,occupancy,7,408093,flow,12,2.3744153358515084e-05,0.0003775294166683296,0.09468456393732967
157,12,404520,occupancy,8,401448,flow,1,4.560826712626784e-05,0.0006777790964304828,0.09135281928631715
157,12,404520,occupancy,8,401448,flow,2,1.4638228976554883e-06,3.0922811334335985e-05,0.10782314881075443
157,12,404520,occupancy,8,401448,flow,3,4.903669129010359e-05,0.0007215207982740037,0.09097592722276854
157,12,404520,occupancy,8,401448,flow,4,2.3479545714293832e-05,0.000374286485187267,0.09474081599644744
157,12,404520,occupancy,8,401448,flow,5,0.00010238068963581909,0.0013761187903756642,0.08706343454359686
157,12,404520,occupancy,8,401448,flow,6,0.0029046315628196875,0.02277315490268793,0.06678409265156651
157,12,404520,occupancy,8,401448,flow,10,0.0008143407704210359,0.008072400477785395,0.07506538457029945
157,12,404520,occupancy,8,401448,flow,11,1.8927479571335238e-07,4.737352940218322e-06,0.11657411984851271
157,12,404520,occupancy,8,401448,flow,12,3.6980606156282647e-08,1.0517196747540554e-06,0.12312906995791663
157,12,404520,occupancy,9,402391,flow,1,1.6610803585364652e-12,7.86827538254115e-11,0.15753819266343827
157,12,404520,occupancy,9,402391,flow,2,3.543661457804278e-07,8.425216014152163e-06,0.11395982358199809
157,12,404520,occupancy,9,402391,flow,3,7.063832554030161e-05,0.0009939985874075014,0.0890556505120963
157,12,404520,occupancy,9,402391,flow,4,0.0021272385130110664,0.017699673297780827,0.06889220353759214
157,12,404520,occupancy,9,402391,flow,5,0.0060385509168780745,0.040588983913043844,0.061591583487778344
157,12,404520,occupancy,9,402391,flow,7,0.002159256120380411,0.017910880261219998,0.06879236715749128
157,12,404520,occupancy,9,402391,flow,9,8.05934442743375e-06,0.00014470643360978304,0.09997227294095754
157,12,404520,occupancy,9,402391,flow,10,6.759865262769357e-10,2.3780633497690244e-08,0.13791153808097756
157,12,404520,occupancy,9,402391,flow,11,3.2120350421784448e-12,1.476169295979881e-10,0.15550595898293484
157,12,404520,occupancy,9,402391,flow,12,3.338884121735356e-08,9.558634463814935e-07,0.12352801413450766
157,12,404520,occupancy,10,400497,flow,3,5.476589305414392e-18,3.963500069248052e-16,0.1922520612433544
157,12,404520,occupancy,10,400497,flow,4,1.529043526807233e-28,1.7998550506286773e-26,0.24503331976450052
157,12,404520,occupancy,10,400497,flow,5,2.287129805207954e-11,9.537066369206913e-10,0.1492911582367787
157,12,404520,occupancy,10,400497,flow,8,4.028603641251064e-15,2.4374744720174506e-13,0.17498820350271158
157,12,404520,occupancy,10,400497,flow,9,5.272713499229387e-72,1.3016069895240544e-69,0.3871087410065584
157,12,404520,occupancy,10,400497,flow,10,1.9109676446905108e-117,8.423857372513272e-115,0.4845443916754352
157,12,404520,occupancy,10,400497,flow,11,2.454165588030409e-80,6.54444156808109e-78,0.4075465637631075
157,12,404520,occupancy,10,400497,flow,12,8.093711880394625e-09,2.524536846447999e-07,0.12893715682277168
157,12,404520,occupancy,12,404520,flow,2,0.00039485490859782055,0.004378267980345444,-0.07943816698918614
157,12,404520,occupancy,12,404520,flow,4,0.003914149899652735,0.028879807970110697,0.06471040052726774
157,12,404520,occupancy,12,404520,flow,5,1.0443733599392267e-06,2.2569567716121194e-05,0.10931366746533983
157,12,404520,occupancy,12,404520,flow,6,7.181477931070784e-08,1.924564805348994e-06,0.12050633107004148
157,12,404520,occupancy,12,404520,flow,7,9.4424621739984e-09,2.917842388531694e-07,0.12835966075418448
157,12,404520,occupancy,12,404520,flow,8,1.2790945214570727e-15,8.066698295904458e-14,0.17811391637561058
157,12,404520,occupancy,12,404520,flow,9,4.27793710088272e-25,4.358652895238998e-23,0.2292454099735534
157,12,404520,occupancy,12,404520,flow,10,5.4787868130878146e-27,6.068810008343425e-25,0.23805700396262644
157,12,404520,occupancy,12,404520,flow,11,3.6917018119134866e-11,1.497479044832513e-09,0.1477353907891506
157,12,404520,occupancy,14,401469,flow,1,0.0026308947084239995,0.021036942871112966,0.06746014200539495
157,12,404520,occupancy,14,401469,flow,2,0.0011968086157803717,0.01110440983713747,0.07264510002990768
157,12,404520,occupancy,14,401469,flow,3,0.00015967603318811286,0.0020264408442204687,0.08462145789263224
157,12,404520,occupancy,14,401469,flow,4,1.880991316413392e-06,3.889843220155986e-05,0.10670339033495116
157,12,404520,occupancy,14,401469,flow,5,5.884044203972357e-07,1.338550340240157e-05,0.11180306475383063
157,12,404520,occupancy,14,401469,flow,6,7.103203534501829e-05,0.0009985148555855432,0.08902611551647399
157,12,404520,occupancy,14,401469,flow,7,0.0008805741685414834,0.008598735099681754,0.07457945428973298
157,12,404520,occupancy,14,401469,flow,8,4.1630823158269445e-05,0.0006253308624607928,0.09182527741562935
157,12,404520,occupancy,14,401469,flow,9,1.167711403881523e-05,0.00020081661085860584,0.09818766662106142
157,12,404520,occupancy,14,401469,flow,10,2.4087732202172533e-07,5.899036457674906e-06,0.11557584130577543
157,12,404520,occupancy,14,401469,flow,11,9.365140489097617e-12,4.094879242196529e-10,0.15214977953850592
157,12,404520,occupancy,14,401469,flow,12,3.995107374038675e-09,1.2996132421571594e-07,0.13155067106318147
157,12,404520,occupancy,15,401472,flow,1,4.1714808938134253e-22,3.7700413098899575e-20,0.21452214389756583
157,12,404520,occupancy,15,401472,flow,3,0.0008669548991772993,0.008496472696111463,-0.07467654060421433
157,12,404520,occupancy,15,401472,flow,7,0.0017048573649473002,0.014851547723756025,-0.07035703044466687
157,12,404520,occupancy,15,401472,flow,9,1.2498783573674824e-37,2.0222750950664884e-35,0.28201458350697384
157,12,404520,occupancy,15,401472,flow,10,9.260153070830597e-124,4.3014904587084066e-121,0.4958829772144292
157,12,404520,occupancy,15,401472,flow,11,2.867894712082026e-153,1.7207368272492158e-150,0.5438359382355664
157,12,404520,occupancy,15,401472,flow,12,2.7584702649839412e-50,5.272828117137445e-48,0.32565506008455597
157,12,404520,occupancy,16,405838,flow,1,1.8785754207118554e-17,1.3304009536844615e-15,0.1891530219038341
157,12,404520,occupancy,16,405838,flow,2,1.4091636951733365e-13,7.43295135915606e-12,0.1649157808553247
157,12,404520,occupancy,16,405838,flow,3,2.9057781363020346e-10,1.0830855520987739e-08,0.14083463830479387
157,12,404520,occupancy,16,405838,flow,4,1.9032016867583703e-09,6.368575745000897e-08,0.13424174332750088
157,12,404520,occupancy,16,405838,flow,5,7.413376497232188e-08,1.976900399261917e-06,0.1203793510265857
157,12,404520,occupancy,16,405838,flow,6,0.0003501415579299853,0.0039597160477945976,0.08014353656232209
157,12,404520,occupancy,17,400260,flow,1,1.3035615201608668e-28,1.5513459413484697e-26,0.24533920452129968
157,12,404520,occupancy,17,400260,flow,2,1.6120200802908578e-30,2.054255677538792e-28,0.2536001647628568
157,12,404520,occupancy,17,400260,flow,3,4.7140769347169853e-35,6.880004174992357e-33,0.2721099079897044
157,12,404520,occupancy,17,400260,flow,4,2.5466817273614016e-31,3.333837897636744e-29,0.25698184933295654
157,12,404520,occupancy,17,400260,flow,5,9.377819548499249e-27,1.0230348598362818e-24,0.23698967722069755
157,12,404520,occupancy,17,400260,flow,6,1.0396727567037408e-19,8.474313790490869e-18,0.2018799427696214
157,12,404520,occupancy,17,400260,flow,7,3.2664589037185126e-13,1.658178902945238e-11,0.16244001219778434
157,12,404520,occupancy,17,400260,flow,8,5.923138618489835e-09,1.8787047600496394e-07,0.13009928813370558
157,12,404520,occupancy,17,400260,flow,9,7.216789448701924e-08,1.9316313766042324e-06,0.1204867417233156
157,12,404520,occupancy,17,400260,flow,10,2.6735384253297026e-14,1.4845354752473414e-12,0.16970204099656877
157,12,404520,occupancy,17,400260,flow,11,5.675642462111446e-23,5.388741854136582e-21,0.21889964713329896
157,12,404520,occupancy,17,400260,flow,12,2.8686891918233085e-36,4.425977610241676e-34,0.27683428548386363
157,12,404520,occupancy,18,404528,flow,1,6.849562766957457e-15,4.047894822606869e-13,0.17352245323136345
157,12,404520,occupancy,18,404528,flow,2,3.1264185019314724e-08,8.980138250228698e-07,0.12378407640387484
157,12,404520,occupancy,18,404528,flow,3,8.089745674089231e-05,0.0011161833699158568,0.08833246077226253
157,12,404520,occupancy,18,404528,flow,4,0.001049072985872128,0.009945129029992523,0.07348115572765779
157,12,404520,occupancy,18,404528,flow,5,0.0006946406567704528,0.0070791404511638505,0.07604489906922432
157,12,404520,occupancy,18,404528,flow,6,0.00031473940889321125,0.0036140030042091467,0.08076452936521725
157,12,404520,occupancy,18,404528,flow,7,0.0006370112098201808,0.006570889270351436,0.07657382454457365
157,12,404520,occupancy,18,404528,flow,8,0.0007907551452702843,0.007885646878041616,0.07524731068208877
157,12,404520,occupancy,18,404528,flow,9,4.529160789408857e-06,8.604210470644794e-05,0.10268805779739593
157,12,404520,occupancy,18,404528,flow,10,1.705357471095856e-08,5.073790823095109e-07,0.12612074698480297
157,12,404520,occupancy,18,404528,flow,11,2.3345002639841583e-08,6.800432326642996e-07,0.12491545759887568
157,12,404520,occupancy,18,404528,flow,12,2.6942337967900354e-06,5.393461539449932e-05,0.10507907705292406
157,12,404520,occupancy,19,401795,flow,1,4.949022165134564e-16,3.176786887575233e-14,0.18065860633006933
157,12,404520,occupancy,19,401795,flow,2,9.578912821252192e-09,2.953669049807956e-07,0.1283057741547606
157,12,404520,occupancy,19,401795,flow,3,1.144773039857008e-05,0.00019742193741246604,0.09828391874558555
157,12,404520,occupancy,19,401795,flow,4,0.00014212727373748895,0.001831165590653004,0.08526728362096601
157,12,404520,occupancy,19,401795,flow,11,1.059607739778286e-07,2.770887067701087e-06,0.11894313708600318
157,12,404520,occupancy,19,401795,flow,12,5.7565934526105455e-11,2.2815122674566565e-09,0.1462769853939997
157,12,404520,speed,0,400593,flow,6,0.003200771792356585,0.02460817608645746,0.06611525901644284
157,12,404520,speed,1,400125,flow,1,0.002370252739836999,0.0192471651054433,-0.06816645556462332
157,12,404520,speed,2,400331,flow,10,0.004338412770248758,0.03122616322471615,0.0639817538984424
157,12,404520,speed,3,400039,flow,12,0.0013087822364005262,0.011958416373202777,-0.0720727162641686
157,12,404520,speed,4,400316,flow,1,0.005592760282070946,0.03815052016192403,0.062152827300145735
157,12,404520,speed,4,400316,flow,3,0.0020151130921534643,0.016962760245718952,0.06925303499021357
157,12,404520,speed,4,400316,flow,10,0.004164589881473758,0.030323661365189006,-0.06427211478473212
157,12,404520,speed,4,400316,flow,11,3.000142351731061e-06,5.939786874187985e-05,-0.10458826177717416
157,12,404520,speed,5,400503,flow,5,0.006633270693099929,0.04354312322472526,-0.060898266910950134
157,12,404520,speed,6,405843,flow,1,0.00725744661242514,0.04661998797410607,-0.06022827755328462
157,12,404520,speed,6,405843,flow,12,0.0021607697022539597,0.01791655492080059,-0.06878768119864756
157,12,404520,speed,8,401448,flow,6,0.0038633732959280106,0.028573485085445993,0.06480235543414797
157,12,404520,speed,9,402391,flow,9,0.003177935950979868,0.02446409771455934,-0.0661647828259719
157,12,404520,speed,9,402391,flow,11,0.005667575763717638,0.03853915834922115,-0.06205588360291988
157,12,404520,speed,9,402391,flow,12,0.002042150984893891,0.017123626270849394,-0.06916437077086396
157,12,404520,speed,10,400497,flow,3,1.92027984727471e-05,0.0003125638849473132,0.09574488689019404
157,12,404520,speed,10,400497,flow,10,0.0011030082384275706,0.010378992790257254,-0.07316400606255295
157,12,404520,speed,10,400497,flow,11,0.0004335620994403782,0.004748602490182001,-0.07888539570358984
157,12,404520,speed,11,405841,flow,2,0.0008979347815796861,0.008742569881506072,0.07445769443949406
157,12,404520,speed,12,404520,flow,1,0.0012560943585769508,0.011550292952431731,0.07233617294540418
157,12,404520,speed,12,404520,flow,3,4.338945504350803e-05,0.0006494887241439871,0.09161132426976151
157,12,404520,speed,12,404520,flow,11,0.0007946708384139914,0.00791373449042979,-0.07521676182340675
157,12,404520,speed,14,401469,flow,2,0.0001848614383579423,0.002296811658631897,-0.08380261347270203
157,12,404520,speed,14,401469,flow,3,0.00020215123789798896,0.002492275535728631,-0.08329915113608388
157,12,404520,speed,14,401469,flow,4,0.001630428462091923,0.014333437029379543,-0.07064924943474032
157,12,404520,speed,14,401469,flow,5,0.00701827616502898,0.045435266046643476,-0.0604786562912456
157,12,404520,speed,14,401469,flow,6,0.00048186492297727277,0.005176962117040085,-0.07825684084650784
157,12,404520,speed,14,401469,flow,8,0.00020170933151084945,0.0024882476074439457,-0.08331150685712736
157,12,404520,speed,15,401472,flow,2,0.006679765527162011,0.04378180409245925,0.06084644893066639
157,12,404520,speed,15,401472,flow,3,4.062532307654497e-08,1.1448231943292518e-06,0.12276092760679791
157,12,404520,speed,15,401472,flow,4,7.071732502710492e-08,1.8998684335640127e-06,0.12056781386585551
157,12,404520,speed,15,401472,flow,5,0.002927469048305573,0.022914778562565817,0.06673035188424162
157,12,404520,speed,15,401472,flow,10,0.005971715795875031,0.040216055796749084,-0.061673299163078094
157,12,404520,speed,15,401472,flow,11,8.758518759561617e-06,0.0001557070001699843,-0.09957447592521955
157,12,404520,speed,15,401472,flow,12,6.286728326196806e-05,0.0008972139533918137,-0.08967290621276308
157,12,404520,speed,16,405838,flow,1,0.003377660370670716,0.025666654004041327,-0.06574218396622235
157,12,404520,speed,16,405838,flow,2,0.0009832116874683161,0.009430449577848858,-0.07388954582779717
157,12,404520,speed,17,400260,flow,1,1.4634334717466504e-08,4.3933513536800066e-07,-0.1267038957843816
157,12,404520,speed,17,400260,flow,2,1.006477967950891e-10,3.892555793686525e-09,-0.14442197511388644
157,12,404520,speed,17,400260,flow,3,1.854672608819419e-11,7.85508399029401e-10,-0.14996709192398133
157,12,404520,speed,17,400260,flow,4,1.6552523306135e-07,4.186586691013068e-06,-0.11712574285750804
157,12,404520,speed,17,400260,flow,5,1.0981919289941787e-06,2.361361585251231e-05,-0.10909307156528406
157,12,404520,speed,17,400260,flow,6,0.00030426050577217446,0.003515392845508943,-0.08096090232000232
157,12,404520,speed,17,400260,flow,7,0.0007212274786877151,0.007300146925798803,-0.07581449917512827
157,12,404520,speed,18,404528,flow,5,0.007661318589817198,0.04863614446437957,0.05982180268582739
157,12,404520,speed,19,401795,flow,1,0.0013785346172149803,0.01252159282247417,-0.07173858672643835
157,12,404520,speed,19,401795,flow,2,3.761913218154692e-07,8.914681899302396e-06,-0.11370765890743167
157,12,404520,speed,19,401795,flow,3,0.006794178362560437,0.0443027250679869,-0.06072030358675595
157,13,400183,flow,0,400593,flow,4,5.949760388110655e-07,1.3527876250862122e-05,0.1117553790818269
157,13,400183,flow,0,400593,flow,8,0.002877392644934463,0.022604721269534243,0.06684869704131503
157,13,400183,flow,2,400331,flow,4,6.217838149362292e-08,1.6947041517504798e-06,0.12108039343639437
157,13,400183,flow,2,400331,flow,5,0.003983541823806524,0.029281777571625294,0.06458646913689682
157,13,400183,flow,2,400331,flow,9,0.0022563316097926737,0.018569922945902744,0.06849774833425618
157,13,400183,flow,3,400039,flow,2,0.0035095543409296324,0.026477951017841447,0.06547540599014959
157,13,400183,flow,3,400039,flow,6,4.3500145686562525e-05,0.0006509200878626605,0.09159813429328072
157,13,400183,flow,3,400039,flow,10,0.0031525932369733264,0.024302645938124146,0.06622012412573205
157,13,400183,flow,3,400039,flow,11,0.0005288453945404229,0.005617438171661241,0.07769949188741238
157,13,400183,flow,4,400316,flow,9,0.0007600044633303999,0.007622984168997742,0.07549221534443813
157,13,400183,flow,5,400503,flow,3,0.00013129972650105179,0.0017126051282745887,0.08570431409437922
157,13,400183,flow,5,400503,flow,12,0.00025399433989035507,0.0030319302247204583,0.0820009724326762
157,13,400183,flow,7,408093,flow,3,0.0004855211340535602,0.00521105912822703,0.07821168766263127
157,13,400183,flow,7,408093,flow,9,0.003124709173126069,0.024156663614718354,0.06628148518813763
157,13,400183,flow,7,408093,flow,10,3.8196805189889375e-07,9.041654707962854e-06,0.11364327730212478
157,13,400183,flow,8,401448,flow,7,0.005379432301649698,0.03697557286098122,0.06243581594130775
157,13,400183,flow,9,402391,flow,5,0.0010038924479586857,0.009586240882364106,0.07375865143242115
157,13,400183,flow,10,400497,flow,7,0.004279847055690614,0.030928302577088417,0.06407838774212007
157,13,400183,flow,11,405841,flow,2,0.002548810475073606,0.02049676331406921,0.06767540744212315
157,13,400183,flow,11,405841,flow,3,3.181795580042235e-05,0.0004907303429411802,0.0932042391032949
157,13,400183,flow,11,405841,flow,4,2.151243061032486e-06,4.389877195871677e-05,0.106099275283191
157,13,400183,flow,11,405841,flow,10,0.00035971807730003565,0.004048937191079088,0.07998565155938231
157,13,400183,flow,12,404520,flow,7,0.006833347655442768,0.04448344798642082,0.06067755577896321
157,13,400183,flow,12,404520,flow,9,0.0023088652569730507,0.01890461128235644,0.06834311820341936
157,13,400183,flow,13,400183,flow,1,7.733448357516345e-10,2.700767736820583e-08,0.13737141725158908
157,13,400183,flow,13,400183,flow,2,1.77691529663376e-26,1.9190685203644607e-24,0.23559816007838566
157,13,400183,flow,13,400183,flow,3,4.671113732115877e-23,4.4545720359250745e-21,0.21926815955395182
157,13,400183,flow,13,400183,flow,4,1.0430531161866767e-19,8.485855860501776e-18,0.20182243938242211
157,13,400183,flow,13,400183,flow,5,1.2247729829025688e-13,6.500023693045574e-12,0.16532508618687752
157,13,400183,flow,13,400183,flow,6,0.0031655546296098388,0.024385156918535135,0.0661917697036841
157,13,400183,flow,13,400183,flow,8,3.595723248757306e-05,0.0005469550857264634,0.09257921191324642
157,13,400183,flow,13,400183,flow,9,9.316313758101033e-06,0.00016433840520619218,0.09927829769086413
157,13,400183,flow,13,400183,flow,10,2.983168542632592e-07,7.1609903815720525e-06,0.11468326999471971
157,13,400183,flow,14,401469,flow,2,0.002244657337730807,0.01848793078931761,0.06853255815649502
157,13,400183,flow,14,401469,flow,7,2.517970465161084e-05,0.0003978651210495934,0.09438940034914091
157,13,400183,flow,14,401469,flow,8,0.0017237600045417357,0.014977158526991751,0.07028468485853978
157,13,400183,flow,14,401469,flow,12,0.0031030084876181815,0.02401468410338686,0.06632958538315335
157,13,400183,flow,15,401472,flow,1,0.007494122530214223,0.04783482466094185,0.05998769073229417
157,13,400183,flow,16,405838,flow,1,4.9659865207752015e-05,0.0007291999241926876,0.09091011364460615
157,13,400183,flow,16,405838,flow,6,0.0015243365881000368,0.01358880326164292,0.07108773491535358
157,13,400183,flow,16,405838,flow,11,1.5548074498455309e-06,3.265322403175835e-05,0.10755487899482337
157,13,400183,flow,18,404528,flow,5,0.0026366351240054483,0.021064947456236143,0.06744531834801715
157,13,400183,flow,18,404528,flow,6,0.006725822451292472,0.04397026784137936,0.06079543745661773
157,13,400183,flow,18,404528,flow,10,0.000943970857628838,0.009111536314242474,0.0741450728341196
157,13,400183,flow,19,401795,flow,1,0.0010208756197182312,0.00972262494969744,0.07365301223938675
157,13,400183,flow,19,401795,flow,9,0.0001763978830105359,0.0022030611581541344,0.08406541505454551
157,13,400183,occupancy,0,400593,flow,4,3.227429569163633e-07,7.703036319771766e-06,0.11435313237532026
157,13,400183,occupancy,2,400331,flow,4,0.00034306305145246507,0.003892914059035065,0.08026285330833308
157,13,400183,occupancy,3,400039,flow,6,0.0004152629157794803,0.004579871830909766,0.07914072292786284
157,13,400183,occupancy,4,400316,flow,3,0.00035781685037696877,0.004033843407172508,0.08001668140632318
157,13,400183,occupancy,6,405843,flow,3,0.006790590840696979,0.04429983755936417,0.060724229919888385
157,13,400183,occupancy,7,408093,flow,10,0.000891616625687854,0.008690468318567453,0.07450175284584415
157,13,400183,occupancy,11,405841,flow,4,0.007048645494662836,0.04556359200500292,0.060446443245541465
157,13,400183,occupancy,12,404520,flow,3,0.002515890184592189,0.020288679480004214,0.06776352498552332
157,13,400183,occupancy,13,400183,flow,1,3.463796311517336e-16,2.250165423421788e-14,0.18160529487508834
157,13,400183,occupancy,13,400183,flow,2,0.0006309271231018014,0.006522146857620919,-0.07663223510602085
157,13,400183,occupancy,13,400183,flow,3,0.0014045065721697567,0.012722726759851853,-0.07161814559333479
157,13,400183,occupancy,13,400183,flow,4,4.0917950655030826e-21,3.486499937470082e-19,-0.20939024642381884
157,13,400183,occupancy,16,405838,flow,1,0.0060733420935526585,0.040797446499996094,0.06154936791579678
157,13,400183,occupancy,16,405838,flow,11,0.004761131617861732,0.033618974483757245,0.06331735018341543
157,13,400183,occupancy,18,404528,flow,6,0.0007528989603628887,0.007567527940362213,0.07555011108276495
157,13,400183,occupancy,18,404528,flow,10,0.001940405117887725,0.01647837646800663,0.0695038177345293
157,13,400183,occupancy,19,401795,flow,1,0.0008295413257374258,0.008189256232142776,0.0749507077517522
157,14,401469,flow,1,400125,flow,10,0.007173875289203174,0.04623473258146757,-0.060314912614418265
157,14,401469,flow,3,400039,flow,5,0.003281753240134166,0.025105673804461832,0.0659421912066714
157,14,401469,flow,3,400039,flow,6,0.001047061113996714,0.009934777097443013,0.07349327525732655
157,14,401469,flow,4,400316,flow,12,0.0008030414526477864,0.007978700725479387,0.07515192267191265
157,14,401469,flow,5,400503,flow,2,0.0007667181606419351,0.00767606594200037,0.07543797165042553
157,14,401469,flow,6,405843,flow,10,0.007628620200967445,0.048464175394381415,0.059853988437047353
157,14,401469,flow,6,405843,flow,11,0.0025744908023851475,0.020666240126531576,0.06760738829041739
157,14,401469,flow,8,401448,flow,7,0.0005853205001922304,0.0061209986948207095,0.07708754853837033
157,14,401469,flow,9,402391,flow,6,2.178921669419238e-05,0.00035005361145002263,0.09511505626795856
157,14,401469,flow,10,400497,flow,5,5.9831634965288746e-05,0.000859855831836485,0.08993384530793885
157,14,401469,flow,10,400497,flow,6,0.007045131395794516,0.04554769175371492,0.060450164306059984
157,14,401469,flow,10,400497,flow,10,0.0002816083210667901,0.0032979942171481747,0.08140798900025589
157,14,401469,flow,10,400497,flow,11,0.006884601655598739,0.04474421416005198,0.06062195027655555
157,14,401469,flow,11,405841,flow,2,0.0025292997379347273,0.020377797217228686,0.06772750524045755
157,14,401469,flow,11,405841,flow,7,0.0018752774932992683,0.016022940607303873,0.06972977607307124
157,14,401469,flow,12,404520,flow,12,0.0003008175410293393,0.0034877396061372677,0.08102680585313159
157,14,401469,flow,13,400183,flow,2,0.0010319025619415962,0.009818984730369375,0.07358528902576936
157,14,401469,flow,13,400183,flow,3,0.003033184572183083,0.02357186317091578,0.06648645942705106
157,14,401469,flow,13,400183,flow,10,0.00041698603478163915,0.004595164042881878,0.07911623722791697
157,14,401469,flow,13,400183,flow,11,0.004787662719104164,0.03377080199059736,0.06327745417075156
157,14,401469,flow,14,401469,flow,1,1.8674799572026883e-97,6.667366458773235e-95,0.44524182641408466
157,14,401469,flow,14,401469,flow,2,6.9730138247607e-30,8.631352356150781e-28,0.25075739571060546
157,14,401469,flow,14,401469,flow,3,2.2244988678511902e-05,0.0003571101861433349,0.09498766748548504
157,14,401469,flow,14,401469,flow,4,0.00033067207252631553,0.0037661570084726683,0.08047737042477512
157,14,401469,flow,14,401469,flow,8,0.000229667003697246,0.002779163742218775,0.08257575662691553
157,14,401469,flow,14,401469,flow,11,0.0009608018621851687,0.009250421316335923,0.07403429157198853
157,14,401469,flow,14,401469,flow,12,9.684544004979245e-05,0.0013092190081150207,0.08736444356969013
157,14,401469,flow,15,401472,flow,6,0.005609780776306855,0.038236736069268105,0.062130670363360264
157,14,401469,flow,16,405838,flow,1,1.4728622613224573e-08,4.4185867839673714e-07,0.12667946887533355
157,14,401469,flow,16,405838,flow,7,0.003960289328630183,0.029130682614817622,0.06462777747857888
157,14,401469,flow,17,400260,flow,1,1.8845483306989192e-13,9.820565486874947e-12,0.16406404874633276
157,14,401469,flow,17,400260,flow,2,8.9076928354959e-10,3.0927785930421625e-08,0.136942865894383
157,14,401469,flow,17,400260,flow,3,7.576091561306133e-10,2.650098424683603e-08,0.1375121464092405
157,14,401469,flow,17,400260,flow,4,4.100214471459883e-07,9.663353255159136e-06,0.11334339693473756
157,14,401469,flow,17,400260,flow,5,1.8439611868632605e-06,3.824249797047184e-05,0.10679258796933376
157,14,401469,flow,17,400260,flow,6,0.001752314646142239,0.01519165015318979,0.07017676904880743
157,14,401469,flow,17,400260,flow,7,0.0014679050905470688,0.013186421275032932,0.0713325480514551
157,14,401469,flow,17,400260,flow,10,0.0007662620728603885,0.007673278059241721,0.07544164265856106
157,14,401469,flow,17,400260,flow,11,0.00026396881231589814,0.0031262744166843937,0.08178010768452953
157,14,401469,flow,17,400260,flow,12,0.0066889908853806695,0.04382897106756331,0.060836205909509264
157,14,401469,flow,18,404528,flow,11,0.005617223418394275,0.03827508701492629,0.062121000721419274
157,14,401469,flow,19,401795,flow,1,0.00038665396489807397,0.004296155165534155,0.07956175519688374
157,14,401469,flow,19,401795,flow,11,0.00014735046458123804,0.001890567291330408,0.08506755678238553
157,14,401469,occupancy,5,400503,flow,2,0.005713581284479146,0.03880313024516571,0.06199684219836484
157,14,401469,occupancy,6,405843,flow,1,0.00022109089145305196,0.0026919747775568897,0.08279208122959385
157,14,401469,occupancy,6,405843,flow,6,0.004528999940702147,0.032335286615390285,0.06367526086841016
157,14,401469,occupancy,6,405843,flow,12,0.0010523402391527086,0.009967353284673759,0.07346151948206416
157,14,401469,occupancy,10,400497,flow,4,0.005764012997805673,0.03906579251728978,0.06193261064260906
157,14,401469,occupancy,10,400497,flow,5,0.00552369241782647,0.037822715557157,0.06224336695845071
157,14,401469,occupancy,10,400497,flow,8,0.004556196120570628,0.032463742769033674,-0.06363248118132492
157,14,401469,occupancy,10,400497,flow,11,0.0031703308864717288,0.024413243189942726,0.06618134779164567
157,14,401469,occupancy,15,401472,flow,5,0.0015934847600589917,0.014080290782276218,0.07079888091876863
157,14,401469,occupancy,15,401472,flow,6,0.00013643507086171788,0.0017705001685870267,0.08549296859123089
157,14,401469,speed,3,400039,flow,6,0.0014325394241356225,0.012944091847450092,-0.07149042863335103
157,14,401469,speed,6,405843,flow,12,0.004323146344509768,0.031137032691367448,-0.0640068291833048
157,14,401469,speed,7,408093,flow,12,0.007202203624764903,0.04637579320164612,-0.06028544481977442
157,14,401469,speed,9,402391,flow,1,0.0022903954833827394,0.018796558678217008,-0.06839711253363578
157,14,401469,speed,9,402391,flow,10,0.006770571876724417,0.04420261524474759,-0.06074617376586931
157,14,401469,speed,17,400260,flow,4,0.0018560998103810756,0.015899962682621945,0.06979768563543708
157,14,401469,speed,17,400260,flow,5,0.000647198276945461,0.006661654887787447,0.07647717425642002
157,14,401469,speed,17,400260,flow,6,0.0022929670251454243,0.0188069442730743,0.06838957108844855
157,14,401469,speed,17,400260,flow,7,0.002578944979978607,0.020696716168507493,0.06759565370542087
157,14,401469,speed,17,400260,flow,8,0.0025047479065981237,0.020210143736465996,0.06779358827863102
157,14,401469,speed,18,404528,flow,11,0.006276468014041524,0.04180441230443939,-0.06130715426594499
157,15,401472,flow,0,400593,flow,10,0.004650453514459596,0.03298178046782531,0.0634859812199198
157,15,401472,flow,1,400125,flow,1,2.2366343562905e-15,1.3783538401105508e-13,0.17659856836489363
157,15,401472,flow,1,400125,flow,2,3.407287570513837e-05,0.000520859246447975,0.09285478938038898
157,15,401472,flow,1,400125,flow,8,0.004220731037703523,0.03060862528601514,-0.06417715247958534
157,15,401472,flow,1,400125,flow,9,0.0027007951034848346,0.021483032309067365,-0.06728161200717496
157,15,401472,flow,1,400125,flow,11,1.7719396767857438e-05,0.00029072462604308447,0.09614361846589459
157,15,401472,flow,1,400125,flow,12,1.106222917913638e-18,8.413526417934711e-17,0.1961969550454478
157,15,401472,flow,3,400039,flow,1,4.989074306448725e-14,2.735127030946509e-12,0.16792205184196493
157,15,401472,flow,3,400039,flow,2,2.330185702951943e-05,0.0003720030390521949,0.09477892953626027
157,15,401472,flow,3,400039,flow,9,2.48592395056826e-05,0.0003932329354249316,-0.0944538782252119
157,15,401472,flow,3,400039,flow,10,0.005128910841295742,0.03559912409125579,-0.06278137043423548
157,15,401472,flow,3,400039,flow,11,0.00016041293275740424,0.002031146982179588,0.08459582473899394
157,15,401472,flow,3,400039,flow,12,3.8787310876621554e-11,1.5718685083208735e-09,0.14757386793642693
157,15,401472,flow,4,400316,flow,1,5.2181297000282133e-11,2.0833937434493422e-09,0.1466006291271937
157,15,401472,flow,4,400316,flow,3,5.256092274303292e-09,1.6819495277770535e-07,-0.1305413172461031
157,15,401472,flow,4,400316,flow,4,0.002734943565645849,0.02167881872218361,-0.06719592373704472
157,15,401472,flow,4,400316,flow,8,0.002231294102101775,0.01838838329088071,-0.06857260810734929
157,15,401472,flow,4,400316,flow,10,0.00021056829709435753,0.0025769264686901546,0.0830685255013591
157,15,401472,flow,4,400316,flow,11,3.2621543529865884e-24,3.239656736759095e-22,0.22500828678124649
157,15,401472,flow,4,400316,flow,12,1.0145358321850159e-20,8.460993812817121e-19,0.20731151889424343
157,15,401472,flow,5,400503,flow,1,8.490292365302685e-11,3.3183172086949348e-09,0.14498932492364747
157,15,401472,flow,5,400503,flow,2,0.0007092701518612161,0.007203507951863171,0.07591712771990121
157,15,401472,flow,5,400503,flow,6,0.0008148410259364243,0.008075506382301796,0.07506157905309643
157,15,401472,flow,5,400503,flow,7,0.0034880016370423465,0.026347889461069113,0.06551836991544925
157,15,401472,flow,5,400503,flow,11,2.491208198311811e-07,6.076803736141742e-06,0.11543584371518953
157,15,401472,flow,5,400503,flow,12,1.9193650182102994e-16,1.2659018135371745e-14,0.18316043156416478
157,15,401472,flow,6,405843,flow,1,9.987233246665403e-19,7.636256216919387e-17,0.19644624259860477
157,15,401472,flow,6,405843,flow,2,2.077203952502905e-05,0.0003358353695663379,0.09535380443689231
157,15,401472,flow,6,405843,flow,5,0.006355344747984821,0.04216723899753406,0.06121499636868403
157,15,401472,flow,6,405843,flow,6,3.718190164073362e-09,1.2141029107178323e-07,0.13181372677292114
157,15,401472,flow,6,405843,flow,9,0.0027096205926403294,0.021533408683234407,-0.06725937195183945
157,15,401472,flow,6,405843,flow,11,8.133189728761303e-13,4.024671205984975e-11,0.15970932701469773
157,15,401472,flow,6,405843,flow,12,3.7379616096476377e-23,3.580486508576008e-21,0.2198043022756593
157,15,401472,flow,7,408093,flow,3,0.0001370243290886578,0.0017765459233583484,0.08546919848229614
157,15,401472,flow,7,408093,flow,4,3.5597999272428427e-06,6.945951077547011e-05,0.10380313264167675
157,15,401472,flow,7,408093,flow,6,0.0027013209133486416,0.02148325910468728,0.06728028511927853
157,15,401472,flow,8,401448,flow,1,0.002386085402870986,0.019357537916249126,0.06812157127968689
157,15,401472,flow,8,401448,flow,2,2.2527192782169558e-05,0.0003613719748198013,0.09494838797786863
157,15,401472,flow,8,401448,flow,3,0.0001866805961144592,0.0023174142965932867,0.08372657655972672
157,15,401472,flow,8,401448,flow,9,0.0009907124572863595,0.009481342081251823,-0.07384177947271123
157,15,401472,flow,9,402391,flow,1,1.4066476376887323e-11,6.070647147667656e-10,0.15085415203157496
157,15,401472,flow,9,402391,flow,2,0.00312717978642893,0.024167113913010692,0.06627602831315349
157,15,401472,flow,9,402391,flow,11,1.1361798503877933e-05,0.00019633187814701068,0.09832045114668587
157,15,401472,flow,9,402391,flow,12,1.4978755024631366e-12,7.150079746564364e-11,0.15785450647173543
157,15,401472,flow,10,400497,flow,1,2.209099040448566e-15,1.3633296935339722e-13,0.17663230518356787
157,15,401472,flow,10,400497,flow,2,6.978593148826023e-07,1.5620477928978456e-05,-0.11106843042692273
157,15,401472,flow,10,400497,flow,3,3.070855573968459e-07,7.34963771719875e-06,-0.11456184964022892
157,15,401472,flow,10,400497,flow,4,2.031789220855903e-05,0.00032873893011601125,0.09546401296899218
157,15,401472,flow,10,400497,flow,5,1.720069092123257e-43,3.008379950596142e-41,0.3031583699650772
157,15,401472,flow,10,400497,flow,6,2.9870813702608014e-19,2.3504902585658765e-17,0.19936467967598898
157,15,401472,flow,10,400497,flow,7,0.00026340818564313446,0.003122731509270968,-0.08179231254881385
157,15,401472,flow,10,400497,flow,8,5.836584969307948e-28,6.705863581758068e-26,-0.24244821660698876
157,15,401472,flow,10,400497,flow,9,6.88012944194646e-08,1.8599598991995437e-06,-0.12067740365555846
157,15,401472,flow,10,400497,flow,10,2.4055865117865554e-30,3.0475465486562814e-28,0.25285984810909373
157,15,401472,flow,10,400497,flow,11,2.612621560832595e-112,1.0647665229053593e-109,0.47499680829406143
157,15,401472,flow,10,400497,flow,12,1.169960499124688e-89,3.6361362274954333e-87,0.4288380970498246
157,15,401472,flow,11,405841,flow,2,0.005576642204742517,0.03811882013368303,-0.06217386560449386
157,15,401472,flow,11,405841,flow,6,0.006573510909292534,0.043229665288695006,0.060965349921106575
157,15,401472,flow,11,405841,flow,11,0.0008775791871450566,0.008575304429917765,0.07460068439619785
157,15,401472,flow,12,404520,flow,1,0.00013766015968900497,0.001783184077530739,0.08544365737851277
157,15,401472,flow,12,404520,flow,2,7.499915021012164e-12,3.3128458988519983e-10,-0.15285248955265132
157,15,401472,flow,12,404520,flow,3,7.616988767316202e-26,8.084862770222602e-24,-0.23277859974390405
157,15,401472,flow,12,404520,flow,4,1.3079772625754939e-05,0.0002218477335817092,-0.09763562043270599
157,15,401472,flow,12,404520,flow,5,0.007789174751663254,0.04924518502441864,0.05969712060040287
157,15,401472,flow,12,404520,flow,6,0.00036186061897283526,0.004070931963444397,0.07995086634960173
157,15,401472,flow,12,404520,flow,10,5.003231296349204e-10,1.795179335567156e-08,0.13896036940714884
157,15,401472,flow,12,404520,flow,11,1.0700589889568429e-32,1.4816201385556286e-30,0.26267631924289897
157,15,401472,flow,12,404520,flow,12,2.516450509000597e-19,1.9946910456665284e-17,0.19977556607103253
157,15,401472,flow,14,401469,flow,1,6.456557448219774e-08,1.753961965230327e-06,0.12093054610143364
157,15,401472,flow,14,401469,flow,6,1.2389394278984664e-07,3.206841419126048e-06,0.11830915155715178
157,15,401472,flow,14,401469,flow,7,5.8814997771327735e-05,0.0008475009685528213,0.0900240401481384
157,15,401472,flow,14,401469,flow,11,0.003800427697553676,0.02819387146449386,0.0649178833545658
157,15,401472,flow,14,401469,flow,12,1.5908613931203722e-08,4.752042328746088e-07,0.1263859824203961
157,15,401472,flow,15,401472,flow,1,0.0,0.0,0.874573943155927
157,15,401472,flow,15,401472,flow,2,6.400591725738405e-09,2.0256817769369896e-07,-0.1298116858361635
157,15,401472,flow,15,401472,flow,3,1.0037478375960167e-22,9.447038471491922e-21,-0.21765810370324523
157,15,401472,flow,15,401472,flow,4,4.646317330400661e-08,1.2933048239259574e-06,-0.12223319610407807
157,15,401472,flow,15,401472,flow,6,1.3178234180012244e-09,4.5039534539282354e-08,0.13555608782898002
157,15,401472,flow,15,401472,flow,8,1.0458643957899368e-17,7.492759850435368e-16,-0.19063210403271053
157,15,401472,flow,15,401472,flow,9,3.8032513917550695e-36,5.826257451199255e-34,-0.2763625565482676
157,15,401472,flow,15,401472,flow,11,2.536926101703366e-43,4.4191615965155407e-41,0.30250123998435724
157,15,401472,flow,15,401472,flow,12,2.6726058003213874e-12,1.2441440794599563e-10,0.15607523910679477
157,15,401472,flow,16,405838,flow,1,5.827173855842267e-11,2.307368566199688e-09,0.1462367752359171
157,15,401472,flow,16,405838,flow,2,1.96485377215614e-05,0.0003191040712674633,0.09563079598274815
157,15,401472,flow,16,405838,flow,3,0.0052562969916974895,0.0362742518199908,0.062603803238899
157,15,401472,flow,16,405838,flow,5,0.0002046010268166384,0.002517449261885155,0.08323111141531724
157,15,401472,flow,16,405838,flow,6,7.956546615310986e-07,1.762583258847493e-05,0.11050052039748211
157,15,401472,flow,16,405838,flow,7,0.0002686306293451937,0.0031750596956805384,0.08167954995511739
157,15,401472,flow,16,405838,flow,10,0.005075217571337537,0.03531462079615677,-0.06285741068221827
157,15,401472,flow,16,405838,flow,12,0.0007181240205510871,0.007278967078321671,0.07584098318104363
157,15,401472,flow,17,400260,flow,1,1.6399075697590814e-12,7.785055715779376e-11,0.15757746338223386
157,15,401472,flow,17,400260,flow,2,1.2899368692545525e-19,1.0455023030355847e-17,0.201368613904932
157,15,401472,flow,17,400260,flow,3,5.167632120247983e-16,3.3121915073399535e-14,0.1805435773922511
157,15,401472,flow,17,400260,flow,4,1.0713094894083262e-11,4.670087784302693e-10,0.15172272791155286
157,15,401472,flow,17,400260,flow,5,7.135697148896793e-13,3.563723894015508e-11,0.16010389905234929
157,15,401472,flow,17,400260,flow,6,4.1664677758104346e-19,3.2548175029839196e-17,0.19856459762368073
157,15,401472,flow,17,400260,flow,7,3.9870636912589114e-15,2.4191172958200137e-13,0.17501670056963797
157,15,401472,flow,17,400260,flow,8,8.55002212708123e-08,2.2674091828723704e-06,0.11980779549443278
157,15,401472,flow,17,400260,flow,12,9.750697226095969e-10,3.37794803662667e-08,0.13662392690112482
157,15,401472,flow,18,404528,flow,1,7.302290363000215e-12,3.2288530571300847e-10,0.15293675786884536
157,15,401472,flow,18,404528,flow,2,8.996894714924634e-06,0.00015952831864255668,0.09944576067436599
157,15,401472,flow,18,404528,flow,11,0.0008917788438937389,0.008690468318567453,0.07450061803745747
157,15,401472,flow,18,404528,flow,12,8.418191416577651e-06,0.00015021308103930383,0.09976416185679125
157,15,401472,flow,19,401795,flow,1,1.0283023226831354e-28,1.2305446077537798e-26,0.24579318004452094
157,15,401472,flow,19,401795,flow,2,7.347577860406099e-17,5.014460719898001e-15,0.18566081782310234
157,15,401472,flow,19,401795,flow,3,2.1996243314652516e-07,5.448610729317596e-06,0.11595291962747803
157,15,401472,flow,19,401795,flow,4,0.000372248786231889,0.004165021384412744,0.07978489104123078
157,15,401472,flow,19,401795,flow,6,1.1603394690210169e-05,0.00019994680918112458,0.0982184019854592
157,15,401472,flow,19,401795,flow,7,0.0015715669171045225,0.013932216461915732,0.07088916907648367
157,15,401472,flow,19,401795,flow,9,1.0440634654090428e-07,2.7351520035789578e-06,-0.11900289096892737
157,15,401472,flow,19,401795,flow,10,4.278005793398846e-06,8.184670074173169e-05,-0.10295323286184677
157,15,401472,flow,19,401795,flow,12,2.90907443823333e-09,9.600612355361334e-08,0.13270852217397797
157,15,401472,occupancy,1,400125,flow,1,2.916969624207325e-10,1.0863197221185901e-08,0.1408214662496309
157,15,401472,occupancy,1,400125,flow,2,1.715288052613824e-05,0.0002827085781721688,0.09630433799678581
157,15,401472,occupancy,1,400125,flow,9,0.00021041470122857151,0.0025764110055888708,-0.0830726558968884
157,15,401472,occupancy,1,400125,flow,10,0.0002596571989171723,0.0030875835379085724,-0.08187460336392478
157,15,401472,occupancy,1,400125,flow,12,4.438684914345913e-07,1.0386191001501743e-05,0.1130068723508877
157,15,401472,occupancy,3,400039,flow,1,5.618392261953525e-08,1.543004104999315e-06,0.1214827258758068
157,15,401472,occupancy,3,400039,flow,2,1.748265083621704e-07,4.414088346724583e-06,0.11690111822641835
157,15,401472,occupancy,3,400039,flow,7,0.0009440564014479007,0.009111536314242474,0.07414450517917505
157,15,401472,occupancy,3,400039,flow,10,7.856894920382513e-07,1.7432863921958117e-05,-0.11055521887557786
157,15,401472,occupancy,3,400039,flow,12,0.0015106226800576778,0.013491606321788646,0.07114645195641661
157,15,401472,occupancy,4,400316,flow,1,3.5730050810510966e-15,2.170939796081679e-13,0.1753178753508528
157,15,401472,occupancy,4,400316,flow,3,0.0005364437472782967,0.0056855667032439695,-0.0776137130082609
157,15,401472,occupancy,4,400316,flow,4,1.9924901609698573e-05,0.0003228641221076438,-0.09556128884911924
157,15,401472,occupancy,4,400316,flow,6,0.00043620151610490105,0.0047681947104584324,0.07884940087721093
157,15,401472,occupancy,4,400316,flow,9,4.190139705573564e-06,8.04149423726246e-05,-0.10304953556401035
157,15,401472,occupancy,4,400316,flow,11,2.4234590786819976e-05,0.0003844782673487415,0.09458186171902712
157,15,401472,occupancy,4,400316,flow,12,3.2818251085304902e-18,2.4193659503159927e-16,0.1935242182025052
157,15,401472,occupancy,5,400503,flow,1,2.5867902650561894e-11,1.0755484553944424e-09,0.14889265361377807
157,15,401472,occupancy,5,400503,flow,2,3.2421021729363154e-06,6.363417259011759e-05,0.10423292848882747
157,15,401472,occupancy,5,400503,flow,6,1.083489373853642e-05,0.00018805440317588325,0.09855039054246219
157,15,401472,occupancy,5,400503,flow,7,0.0049968772523111115,0.03487319827137965,0.06296966997981818
157,15,401472,occupancy,5,400503,flow,12,4.845972072049595e-07,1.1237036688810657e-05,0.11263328450032002
157,15,401472,occupancy,6,405843,flow,1,1.8507770297618093e-32,2.5462919645130626e-30,0.26170201596567993
157,15,401472,occupancy,6,405843,flow,2,0.00023843504323731426,0.0028723909280122632,0.08236228560122916
157,15,401472,occupancy,6,405843,flow,4,0.0029059536428792257,0.022778743285380865,-0.06678097106561896
157,15,401472,occupancy,6,405843,flow,6,7.933893702652029e-07,1.75856443280948e-05,0.11051289636210349
157,15,401472,occupancy,6,405843,flow,7,4.645825014714438e-06,8.802615817353673e-05,0.10256963656338457
157,15,401472,occupancy,6,405843,flow,9,1.2454736443036038e-06,2.658323193375281e-05,-0.10853869472827361
157,15,401472,occupancy,6,405843,flow,10,0.0006622225771327219,0.006796867505852598,-0.07633717989933508
157,15,401472,occupancy,6,405843,flow,12,1.1167464521800232e-08,3.3950349566627025e-07,0.1277280801255318
157,15,401472,occupancy,7,408093,flow,4,7.766742336353134e-05,0.0010791999643951604,0.08855032557041366
157,15,401472,occupancy,7,408093,flow,6,0.0008639233577432501,0.008470605777237496,0.07469834341485494
157,15,401472,occupancy,7,408093,flow,11,0.005167944006644108,0.03581825462650817,0.06272654176221318
157,15,401472,occupancy,8,401448,flow,2,2.4042810928350547e-05,0.0003818564088620381,0.0946217848967073
157,15,401472,occupancy,8,401448,flow,3,0.0028520876739132903,0.022454927558420656,0.06690921637948491
157,15,401472,occupancy,8,401448,flow,10,0.004350437537756811,0.031297069380698456,-0.0639620592904398
157,15,401472,occupancy,8,401448,flow,11,0.0024422731278168517,0.019779939842836144,-0.06796445271083217
157,15,401472,occupancy,9,402391,flow,1,8.900928000246533e-12,3.9077244879131117e-10,0.15231091675274508
157,15,401472,occupancy,9,402391,flow,2,8.188652656536476e-06,0.00014666243563945928,0.0998962795829406
157,15,401472,occupancy,9,402391,flow,7,0.003677542800776046,0.027452885604549022,0.06514851900355167
157,15,401472,occupancy,9,402391,flow,12,4.5917395866212985e-06,8.703955688549368e-05,0.10262417831177018
157,15,401472,occupancy,10,400497,flow,1,2.779889902235873e-31,3.628134253069176e-29,0.25682240820456614
157,15,401472,occupancy,10,400497,flow,2,0.0038133466538643034,0.028261550085252687,-0.06489403143920813
157,15,401472,occupancy,10,400497,flow,3,2.619635992073021e-30,3.309013884723816e-28,-0.25270188985744674
157,15,401472,occupancy,10,400497,flow,4,0.00024102355510911982,0.0028987242708001047,-0.08230067105563822
157,15,401472,occupancy,10,400497,flow,5,2.834874770734751e-19,2.234791790068271e-17,0.19949011314708823
157,15,401472,occupancy,10,400497,flow,6,2.8537669675236304e-48,5.291104420472997e-46,0.319184636816681
157,15,401472,occupancy,10,400497,flow,7,0.0023827301349388626,0.019335294365915454,0.06813106038650679
157,15,401472,occupancy,10,400497,flow,8,2.4318984478439806e-18,1.8113450508079304e-16,-0.19426475887938316
157,15,401472,occupancy,10,400497,flow,9,1.4535103399183113e-42,2.5217528788944194e-40,-0.2999315210506115
157,15,401472,occupancy,10,400497,flow,10,1.2582512942944737e-07,3.252929737493792e-06,-0.11824625763858518
157,15,401472,occupancy,10,400497,flow,11,2.2917452899874877e-36,3.561273256383434e-34,0.27720923467346886
157,15,401472,occupancy,10,400497,flow,12,1.7229364824486476e-94,6.051289109087933e-92,0.43930000164054894
157,15,401472,occupancy,11,405841,flow,5,0.002638123741706652,0.021069873477856788,0.06744147905697649
157,15,401472,occupancy,11,405841,flow,6,0.004258604005307922,0.03081086803371332,0.06411373524458501
157,15,401472,occupancy,11,405841,flow,11,2.509399820063512e-07,6.110770167333227e-06,0.11540555217837378
157,15,401472,occupancy,11,405841,flow,12,0.0006304373735305556,0.0065217659330747135,0.0766369597117665
157,15,401472,occupancy,12,404520,flow,1,6.30726332745594e-17,4.3181263985118325e-15,0.18605513862295228
157,15,401472,occupancy,12,404520,flow,3,1.8988276747837735e-13,9.883054885621569e-12,-0.16404187133696382
157,15,401472,occupancy,12,404520,flow,4,1.2782196600064862e-12,6.155974282305485e-11,-0.15833828097716654
157,15,401472,occupancy,12,404520,flow,6,2.809123206334662e-07,6.790941382969076e-06,0.1149348254434917
157,15,401472,occupancy,12,404520,flow,9,1.0986771106168775e-06,2.361361585251231e-05,-0.10909113054434977
157,15,401472,occupancy,12,404520,flow,11,3.300364431229552e-09,1.0817582961237985e-07,0.13224911862484934
157,15,401472,occupancy,12,404520,flow,12,1.1259100840787733e-24,1.1311468751675118e-22,0.22723779855739482
157,15,401472,occupancy,13,400183,flow,1,0.0067932281402929996,0.0443027250679869,0.06072134336824045
157,15,401472,occupancy,14,401469,flow,1,0.0004360099604566283,0.0047681947104584324,0.07885200635455487
157,15,401472,occupancy,14,401469,flow,2,0.0006831153613930225,0.006981448689893204,0.07614733111188662
157,15,401472,occupancy,14,401469,flow,3,0.004265687541001541,0.03085178332015178,0.06410193083071945
157,15,401472,occupancy,14,401469,flow,6,0.0013671408649911176,0.012425938432067385,0.07179208475278193
157,15,401472,occupancy,14,401469,flow,7,1.0841691518496826e-06,2.3359654543594158e-05,0.1091495304960928
157,15,401472,occupancy,14,401469,flow,12,8.323696233415182e-05,0.0011444420028120174,0.08817973416491352
157,15,401472,occupancy,15,401472,flow,1,1.2565647105308319e-151,7.33562101282864e-149,0.5413613965641759
157,15,401472,occupancy,15,401472,flow,2,1.2594023175723375e-31,1.6740363113576916e-29,0.2582591621409408
157,15,401472,occupancy,15,401472,flow,4,6.247508456327196e-20,5.121297254522483e-18,-0.20308193409693356
157,15,401472,occupancy,15,401472,flow,5,0.003787455993950449,0.028108245823511322,-0.0649419068463949
157,15,401472,occupancy,15,401472,flow,6,5.630980291506459e-07,1.2870812094871905e-05,0.1119916169773299
157,15,401472,occupancy,15,401472,flow,7,7.247546212214563e-07,1.6155179154521625e-05,0.11090496236170787
157,15,401472,occupancy,15,401472,flow,8,0.000907428117421215,0.008821083409675176,-0.07439203139569761
157,15,401472,occupancy,15,401472,flow,9,1.1749543392704838e-40,1.9673654052901125e-38,-0.2930868310089152
157,15,401472,occupancy,15,401472,flow,10,1.2479773410833987e-36,1.9604589503564667e-34,-0.2781539018404641
157,15,401472,occupancy,15,401472,flow,12,2.4455779409524357e-07,5.9823877151271355e-06,0.11551277404957924
157,15,401472,occupancy,16,405838,flow,1,2.5540585070368694e-06,5.1390464603629604e-05,0.10532211525960987
157,15,401472,occupancy,16,405838,flow,2,2.262496213596888e-09,7.506899879215481e-08,0.13361894248123748
157,15,401472,occupancy,16,405838,flow,6,0.001410216444441432,0.012769094613261341,0.07159194227565595
157,15,401472,occupancy,16,405838,flow,7,4.972525505087545e-07,1.1481191973264668e-05,0.11252335224092888
157,15,401472,occupancy,17,400260,flow,1,0.0002841777480468378,0.0033233564471097437,0.08135561636234867
157,15,401472,occupancy,17,400260,flow,2,1.5822251667153425e-12,7.536066946207585e-11,0.15768702719973113
157,15,401472,occupancy,17,400260,flow,3,7.904628988966399e-13,3.9295739047565986e-11,0.15979537026584997
157,15,401472,occupancy,17,400260,flow,4,8.355607518737126e-12,3.6832882123412636e-10,0.15251106610801282
157,15,401472,occupancy,17,400260,flow,5,0.00011385237144005067,0.0015091814808868328,0.08648561599498121
157,15,401472,occupancy,17,400260,flow,6,4.4453596903320524e-10,1.608371345245768e-08,0.13937028398845164
157,15,401472,occupancy,17,400260,flow,7,6.82258052312035e-12,3.029141609442951e-10,0.15315097665130714
157,15,401472,occupancy,17,400260,flow,8,7.078156019538929e-13,3.539078009769464e-11,0.1601282825516539
157,15,401472,occupancy,17,400260,flow,9,4.3178942869552235e-05,0.0006474593307756531,0.09163649730028608
157,15,401472,occupancy,18,404528,flow,1,3.623840178625127e-08,1.0333326449940956e-06,0.12320833351934261
157,15,401472,occupancy,18,404528,flow,2,4.1025661561574756e-05,0.0006173140297666422,0.09190088658228791
157,15,401472,occupancy,18,404528,flow,12,0.001579834281158234,0.013991152305460375,0.07085497729969753
157,15,401472,occupancy,19,401795,flow,1,6.968722198227305e-13,3.496501730121017e-11,0.16017519729471802
157,15,401472,occupancy,19,401795,flow,2,1.0271003380842185e-08,3.1424033006542664e-07,0.12804344622471248
157,15,401472,occupancy,19,401795,flow,3,5.8305298354264955e-09,1.8520506536060635e-07,0.13015767386730237
157,15,401472,occupancy,19,401795,flow,7,0.00040683212508820524,0.004498267985321869,0.0792619094374492
157,15,401472,occupancy,19,401795,flow,10,3.81225926263274e-05,0.0005772506139002255,-0.0922789758786312
157,15,401472,occupancy,19,401795,flow,11,0.001881165423763272,0.016063717396041382,-0.06970905437031513
157,15,401472,speed,0,400593,flow,1,0.007160211804328399,0.046174227488727695,0.060329163017341945
157,15,401472,speed,1,400125,flow,1,4.006924372009939e-08,1.1306279090191338e-06,-0.1228149739968268
157,15,401472,speed,2,400331,flow,7,0.00015246480923832804,0.0019486626506200506,0.08487834482541329
157,15,401472,speed,3,400039,flow,1,0.0008717461484785896,0.008535683049473044,-0.07464222561713486
157,15,401472,speed,3,400039,flow,12,0.001894942653599252,0.016174969894386028,-0.06966079910057756
157,15,401472,speed,4,400316,flow,11,1.0307431351320588e-05,0.00018042181295666507,-0.09879151747462653
157,15,401472,speed,5,400503,flow,6,0.001564558590290847,0.013884332600773335,-0.07091828363668115
157,15,401472,speed,6,405843,flow,12,0.0003247763979154403,0.0037116826787216665,-0.0805820905804496
157,15,401472,speed,7,408093,flow,4,0.0025383284945630024,0.020423876134312107,-0.06770335105977877
157,15,401472,speed,8,401448,flow,9,0.007802076670987629,0.04929789559553394,0.05968464096928837
157,15,401472,speed,9,402391,flow,6,0.0019327773014621392,0.01642005495047481,-0.06952991927447788
157,15,401472,speed,9,402391,flow,11,0.00754529391759452,0.048118792034260886,-0.0599365705030739
157,15,401472,speed,9,402391,flow,12,0.0009564577277635559,0.009216813258841314,-0.07406271154173119
157,15,401472,speed,10,400497,flow,2,1.681080397955963e-06,3.504955269869575e-05,0.10720653867240351
157,15,401472,speed,10,400497,flow,3,0.0016215364681968548,0.014278511093783964,0.07068497716724424
157,15,401472,speed,10,400497,flow,5,0.0052621872012979555,0.03630833526530453,-0.06259568703658597
157,15,401472,speed,10,400497,flow,6,0.0005356299601116149,0.005678334791858102,-0.07762284568431116
157,15,401472,speed,10,400497,flow,8,0.004487672264205286,0.03209194534243807,0.06374071673741043
157,15,401472,speed,10,400497,flow,9,0.002164321880157852,0.017939122260709747,0.06877669566706175
157,15,401472,speed,10,400497,flow,11,1.9656744811053783e-08,5.791688790635915e-07,-0.1255768860446311
157,15,401472,speed,10,400497,flow,12,3.086314575041776e-05,0.00047873892151455925,-0.09335934721395134
157,15,401472,speed,11,405841,flow,2,0.000417796349928828,0.0046004630290610105,0.07910475519157255
157,15,401472,speed,12,404520,flow,3,0.0016676361235104296,0.01460111076928467,0.07050166771052618
157,15,401472,speed,12,404520,flow,11,1.2083748455136858e-05,0.00020714997351663184,-0.09802138674291652
157,15,401472,speed,13,400183,flow,7,0.004055240065430245,0.029682543345744935,-0.06446045940327538
157,15,401472,speed,14,401469,flow,4,0.0007999077437308909,0.007954883639312727,-0.07517612280106997
157,15,401472,speed,14,401469,flow,11,8.011466601079996e-05,0.001107716782899754,-0.0883844951635486
157,15,401472,speed,14,401469,flow,12,0.006852888138429946,0.04456492060517442,-0.06065631226869439
157,15,401472,speed,15,401472,flow,1,5.934313080650276e-10,2.1099779842312095e-08,-0.13836648911893595
157,15,401472,speed,15,401472,flow,3,1.4477944440920896e-05,0.00024270360878842948,0.09713888779712604
157,15,401472,speed,15,401472,flow,4,9.451493380009932e-06,0.00016635599971786196,0.09920907179914637
157,15,401472,speed,15,401472,flow,8,0.002502134068427335,0.020193397983713304,0.06780065844893221
157,15,401472,speed,15,401472,flow,9,4.5613772891217575e-08,1.2721207158816005e-06,0.12230584483561127
157,15,401472,speed,15,401472,flow,11,5.024031431440261e-08,1.3815286940688688e-06,-0.12192498085133187
157,15,401472,speed,15,401472,flow,12,1.68776565001571e-08,5.031847900667955e-07,-0.12616035441683365
157,15,401472,speed,16,405838,flow,1,6.790935794064742e-05,0.0009602894478022811,-0.0892647536068874
157,15,401472,speed,16,405838,flow,6,0.006979322664372609,0.045237320195183305,-0.06052015826766332
157,15,401472,speed,16,405838,flow,7,0.0004347029474622667,0.004757833121451716,-0.07886981247015114
157,15,401472,speed,16,405838,flow,12,0.0004431684368925371,0.004834564766100405,-0.07875535707562188
157,15,401472,speed,17,400260,flow,1,8.974734126693578e-05,0.0012261496340074717,-0.08777513755117934
157,15,401472,speed,17,400260,flow,2,3.121781272725063e-06,6.152415646976401e-05,-0.10440632659959664
157,15,401472,speed,17,400260,flow,3,1.8008796548057734e-06,3.742087594401607e-05,-0.106898552502218
157,15,401472,speed,17,400260,flow,4,5.8131700656101934e-05,0.0008384939794135571,-0.09008549424596998
157,15,401472,speed,17,400260,flow,5,0.0012226387236298345,0.01129796638733879,-0.07250880631625797
157,15,401472,speed,17,400260,flow,7,0.00011792268369471029,0.0015559743236443142,-0.08629372963626214
157,15,401472,speed,17,400260,flow,8,6.534973667775985e-05,0.0009280435977906725,-0.08946823121746658
157,15,401472,speed,19,401795,flow,10,0.00010385676131347982,0.0013933577915348845,0.08698575873901224
157,16,405838,flow,1,400125,flow,1,0.002561240631873969,0.020577570261661793,0.06764240602812378
157,16,405838,flow,1,400125,flow,5,0.0005410216562701119,0.005725657900751796,0.07756257683414047
157,16,405838,flow,1,400125,flow,6,0.00025118230616649344,0.003002511241392506,0.08206470834200442
157,16,405838,flow,1,400125,flow,10,0.0017040686050484783,0.014850870231610703,0.07036006524012803
157,16,405838,flow,3,400039,flow,1,0.0012378185549085947,0.011418697751879413,0.07242994398321383
157,16,405838,flow,3,400039,flow,5,5.063273624145177e-07,1.1684477594181178e-05,0.11244617028913297
157,16,405838,flow,3,400039,flow,10,0.0006818020587504192,0.006969675565077641,0.0761591048955908
157,16,405838,flow,4,400316,flow,3,0.004561404724518222,0.03249013752665906,0.06362431441043787
157,16,405838,flow,4,400316,flow,5,0.0014143605963610958,0.012803934988013273,0.0715729853905676
157,16,405838,flow,4,400316,flow,6,5.215078978590812e-05,0.0007608625865421245,0.09065462976393551
157,16,405838,flow,4,400316,flow,10,0.000660667542170689,0.006785743657102654,0.07635153180725143
157,16,405838,flow,5,400503,flow,1,0.0031421043989672214,0.024243420259936407,0.06624314741028757
157,16,405838,flow,5,400503,flow,2,0.0019569998075451693,0.016586696426515855,0.06944735618489226
157,16,405838,flow,5,400503,flow,6,0.006999434384181201,0.045330543666743044,0.060498704885462884
157,16,405838,flow,5,400503,flow,7,1.088746174888337e-05,0.0001888379123390757,0.09852697644430708
157,16,405838,flow,5,400503,flow,12,0.0006858685558628921,0.007001304729035193,0.07612271675444311
157,16,405838,flow,6,405843,flow,1,0.000295774440072635,0.0034384972581102883,0.08112462395552067
157,16,405838,flow,6,405843,flow,5,0.00010617492806018093,0.0014200485734364755,0.08686584579878909
157,16,405838,flow,6,405843,flow,7,1.1878744569460883e-05,0.0002038783334925348,0.09810453785950982
157,16,405838,flow,6,405843,flow,9,0.00021512102899063737,0.0026259475706119054,0.08294736291955318
157,16,405838,flow,6,405843,flow,11,0.006139604748304868,0.041155149921465996,0.061469563446082724
157,16,405838,flow,7,408093,flow,1,0.00030424316905256876,0.003515392845508943,0.08096123241923932
157,16,405838,flow,7,408093,flow,2,0.002466194762394773,0.019936304965466726,0.06789856154276448
157,16,405838,flow,7,408093,flow,5,0.0017086870973352004,0.014870121395020279,0.07034231366513971
157,16,405838,flow,7,408093,flow,9,0.0016690577161442668,0.01461059642095893,0.07049608931324247
157,16,405838,flow,7,408093,flow,12,0.003214523844273851,0.024687543124023173,0.06608559011488742
157,16,405838,flow,8,401448,flow,4,0.0016787307659739167,0.014674457525308215,0.0704582473699728
157,16,405838,flow,9,402391,flow,1,0.005808004387159404,0.039300158914038485,0.06187699388260731
157,16,405838,flow,9,402391,flow,3,0.00027288153360480595,0.0032182588729805124,0.08158927058247696
157,16,405838,flow,9,402391,flow,6,1.6805314985311938e-05,0.00027773129585519345,0.0964054623259196
157,16,405838,flow,9,402391,flow,7,1.3497643887237294e-05,0.00022786174909286873,0.09748205829853836
157,16,405838,flow,9,402391,flow,10,0.0002120587193127525,0.002590030159545069,0.0830285922574572
157,16,405838,flow,9,402391,flow,11,0.0008496326303742951,0.008353238423343092,0.07480208658527124
157,16,405838,flow,10,400497,flow,4,0.0006175577877551017,0.006403863761646759,0.07676244977896231
157,16,405838,flow,10,400497,flow,5,5.748344629946171e-08,1.5756883757212857e-06,0.12139208947621266
157,16,405838,flow,10,400497,flow,6,2.5964369520440045e-05,0.00040936524207409126,0.09423475997834577
157,16,405838,flow,10,400497,flow,9,0.0016219756092156294,0.014279467356453066,0.07068320848890085
157,16,405838,flow,10,400497,flow,10,0.0002801374221524884,0.0032841076355461323,0.0814381720688338
157,16,405838,flow,10,400497,flow,11,7.667831352290878e-07,1.7030864494548377e-05,0.11066085579211107
157,16,405838,flow,12,404520,flow,3,0.0017755265612108603,0.015346688164127485,0.0700902288342476
157,16,405838,flow,12,404520,flow,4,0.0009061134192671166,0.008815954204278248,0.07440108677771451
157,16,405838,flow,12,404520,flow,5,3.662429296860407e-05,0.0005557321588492082,0.09248493325688147
157,16,405838,flow,12,404520,flow,6,1.1670397231418115e-05,0.00020081661085860584,0.09819045934480809
157,16,405838,flow,12,404520,flow,10,0.00027018690996524097,0.0031873496751770643,0.08164634389999134
157,16,405838,flow,12,404520,flow,11,0.0007193944128980141,0.007285215539330525,0.07583012920299101
157,16,405838,flow,12,404520,flow,12,0.004508714108054917,0.03221575412966795,0.06370732223403358
157,16,405838,flow,13,400183,flow,4,1.6466193391020186e-05,0.00027243950765686405,0.09650606813167419
157,16,405838,flow,13,400183,flow,6,0.004630166794802902,0.03285532285405476,0.06351728354011194
157,16,405838,flow,13,400183,flow,9,0.00025387436362241285,0.0030313356850437357,0.08200367820918814
157,16,405838,flow,14,401469,flow,1,4.205667257941043e-08,1.1810727276144238e-06,0.12262504236097142
157,16,405838,flow,14,401469,flow,4,1.2989264003330677e-09,4.442883649595291e-08,0.1356074788078522
157,16,405838,flow,14,401469,flow,6,1.9165186886495574e-05,0.0003123108538274647,0.09575462889842531
157,16,405838,flow,14,401469,flow,7,1.652889177656281e-06,3.4495078490218036e-05,0.10728207459722144
157,16,405838,flow,14,401469,flow,8,0.0037428005212410674,0.027829429004752857,0.06502518374864089
157,16,405838,flow,14,401469,flow,9,0.002004520736233141,0.016882386067256974,0.0692880677259788
157,16,405838,flow,14,401469,flow,10,0.0025700704598629128,0.020640833587298353,0.06761905209096906
157,16,405838,flow,14,401469,flow,11,0.006738054110364181,0.04403690432189601,0.060781942717229115
157,16,405838,flow,15,401472,flow,2,0.0003587823612415526,0.004040510428997672,-0.08000090414128064
157,16,405838,flow,15,401472,flow,5,1.5490996390762736e-05,0.0002574878969145634,0.09680677446301116
157,16,405838,flow,15,401472,flow,6,3.00511436352041e-09,9.909995458326847e-08,0.1325904313520622
157,16,405838,flow,15,401472,flow,7,1.8362852964603508e-05,0.00030036927227219674,0.09596690098847159
157,16,405838,flow,15,401472,flow,10,3.1417264471354086e-06,6.188900251538973e-05,0.10437714482648297
157,16,405838,flow,15,401472,flow,11,1.4982491695306422e-05,0.0002503843873258172,0.09697080503556386
157,16,405838,flow,15,401472,flow,12,1.6229731631399863e-05,0.0002687330036322246,0.09657739273995304
157,16,405838,flow,16,405838,flow,1,3.6806755737275126e-36,5.658547501246567e-34,0.27628360900824966
157,16,405838,flow,16,405838,flow,2,1.705896359508043e-28,1.9971469574728307e-26,0.24476342741165283
157,16,405838,flow,16,405838,flow,3,4.860143855199922e-07,1.1263852711622136e-05,0.11262083730930804
157,16,405838,flow,16,405838,flow,4,1.7672010793530728e-05,0.00029016756605113167,0.09615687288372456
157,16,405838,flow,16,405838,flow,5,4.712341490269345e-08,1.3074704712886046e-06,0.12217760925515875
157,16,405838,flow,16,405838,flow,6,2.564504646420391e-13,1.317319865937704e-11,0.16315642207005604
157,16,405838,flow,16,405838,flow,7,0.0006984632483731407,0.007114739997575967,0.0760112738339451
157,16,405838,flow,16,405838,flow,9,0.0007913691499233483,0.007888128121063369,0.07524251117221305
157,16,405838,flow,16,405838,flow,10,1.1934958516105526e-07,3.098498845527396e-06,0.11846097131971721
157,16,405838,flow,16,405838,flow,11,0.001183094144104712,0.011007897270153685,0.07271857255602007
157,16,405838,flow,16,405838,flow,12,4.3897766477514296e-07,1.028407544375606e-05,0.11305393811421456
157,16,405838,flow,17,400260,flow,1,9.72557003779413e-22,8.591914634615673e-20,0.21263509504494346
157,16,405838,flow,17,400260,flow,2,2.445362424148176e-15,1.5005633057272898e-13,0.17635538048958838
157,16,405838,flow,17,400260,flow,3,2.411590963200836e-13,1.2446921100391414e-11,0.16333795546196606
157,16,405838,flow,17,400260,flow,4,4.67011597510729e-12,2.1147694981617918e-10,0.15434046869772217
157,16,405838,flow,17,400260,flow,5,2.0726431634199575e-12,9.71129985463581e-11,0.1568589955878826
157,16,405838,flow,17,400260,flow,6,1.4259500362529593e-16,9.433543884552504e-15,0.18393801347815011
157,16,405838,flow,17,400260,flow,7,3.5673549386303195e-15,2.1705596246314058e-13,0.1753222184133137
157,16,405838,flow,17,400260,flow,8,1.1443120653675115e-13,6.110541560429728e-12,0.1655230375680317
157,16,405838,flow,17,400260,flow,9,1.5972306234214603e-12,7.599158913194613e-11,0.15765815314340875
157,16,405838,flow,17,400260,flow,10,1.4769344237952098e-12,7.057916715481534e-11,0.1578975182411267
157,16,405838,flow,17,400260,flow,11,1.7615626385682924e-13,9.21301525256056e-12,0.16426218860659444
157,16,405838,flow,17,400260,flow,12,6.462502266510633e-15,3.8401664087105826e-13,0.1736837121643416
157,16,405838,flow,18,404528,flow,1,0.00028847420727860014,0.0033654025801878274,0.08126902409366177
157,16,405838,flow,18,404528,flow,2,0.004492532166120788,0.032121381922611394,0.06373299124967523
157,16,405838,flow,18,404528,flow,6,0.0006406585807045536,0.006605358159054108,0.07653905591537759
157,16,405838,flow,18,404528,flow,7,0.004326764892240169,0.031157900207497133,0.06400087843060524
157,16,405838,flow,18,404528,flow,12,1.1056988405345984e-05,0.00019144765495428717,0.09845219628543686
157,16,405838,flow,19,401795,flow,1,2.164780900479899e-05,0.000348040695573992,0.09514760445888888
157,16,405838,flow,19,401795,flow,7,5.830818128029691e-06,0.00010810787258836165,0.10150600049974255
157,16,405838,flow,19,401795,flow,10,0.007267673876732192,0.04667214381965671,0.06021773687309486
157,16,405838,flow,19,401795,flow,11,0.004104762447914416,0.029994204626167587,0.06437459839164061
157,16,405838,flow,19,401795,flow,12,0.0031086971957380153,0.024054400654823976,0.06631694663081467
157,16,405838,occupancy,1,400125,flow,2,0.0015934494079853927,0.014080290782276218,0.07079902562560214
157,16,405838,occupancy,3,400039,flow,2,0.0032286645607036845,0.02478292626552935,0.06605520298053544
157,16,405838,occupancy,3,400039,flow,9,5.6067342694752835e-06,0.00010435627765675668,0.10169022007734978
157,16,405838,occupancy,3,400039,flow,10,7.402911113945232e-05,0.0010346066715874638,0.08880622572433881
157,16,405838,occupancy,4,400316,flow,1,0.001567037994144887,0.013900624506582982,0.07090796980450034
157,16,405838,occupancy,4,400316,flow,6,0.0019382914494007269,0.01646366311720633,0.0695110410310376
157,16,405838,occupancy,4,400316,flow,9,0.007366880929035844,0.04718298830753869,0.060116174089739974
157,16,405838,occupancy,5,400503,flow,4,0.003575703470750435,0.026883116939857083,0.06534502387788511
157,16,405838,occupancy,5,400503,flow,8,0.0016401879491130195,0.014404578044659982,0.07061024181928424
157,16,405838,occupancy,5,400503,flow,10,0.00010705399858849822,0.0014295928095898372,0.08682101832668845
157,16,405838,occupancy,6,405843,flow,3,0.0005327802582066899,0.005650897901922172,0.07765492843814482
157,16,405838,occupancy,6,405843,flow,7,0.0007630941383327271,0.0076504216235724785,0.07546719715297255
157,16,405838,occupancy,6,405843,flow,9,1.6261471376532447e-07,4.115381156802588e-06,0.11719854182482131
157,16,405838,occupancy,7,408093,flow,2,0.005278119668600281,0.03638920678000832,0.06257377448613881
157,16,405838,occupancy,7,408093,flow,3,0.007168744074983907,0.046208556257729745,0.06032026138427145
157,16,405838,occupancy,7,408093,flow,6,0.003322157971575292,0.025302754649515626,0.06585729006808586
157,16,405838,occupancy,7,408093,flow,9,0.007717538861578953,0.04892115609981082,0.059766750333991696
157,16,405838,occupancy,9,402391,flow,7,0.0008634828109336955,0.008470131115425895,0.07470151771984156
157,16,405838,occupancy,10,400497,flow,3,7.996009836293009e-05,0.0011065580825319753,0.08839482647659357
157,16,405838,occupancy,10,400497,flow,8,0.00046838148299597565,0.005061050541627351,0.07842616471687912
157,16,405838,occupancy,10,400497,flow,9,6.579121198966502e-05,0.0009333925641883511,0.08943260415805945
157,16,405838,occupancy,12,404520,flow,1,0.0017200159730904993,0.014950641858653838,0.07029895619638522
157,16,405838,occupancy,12,404520,flow,3,0.004238026862728061,0.030708279179780647,0.06414812738811108
157,16,405838,occupancy,12,404520,flow,6,0.0031259527147254164,0.024161953350534622,0.06627873807091372
157,16,405838,occupancy,12,404520,flow,7,0.0021805258516350546,0.01804573118594528,0.06872679154169774
157,16,405838,occupancy,12,404520,flow,8,0.0021586021626942946,0.017910880261219998,0.06879439270231362
157,16,405838,occupancy,12,404520,flow,9,0.0008372817590799002,0.008256236473921864,0.07489305848999099
157,16,405838,occupancy,13,400183,flow,1,0.001170352957421144,0.010901088348553993,0.07278753895199867
157,16,405838,occupancy,13,400183,flow,2,0.007787952203003036,0.04924518502441864,0.05969830409395646
157,16,405838,occupancy,13,400183,flow,6,0.0026315657239697793,0.021036942871112966,0.06745840769659779
157,16,405838,occupancy,13,400183,flow,11,0.006745120837181022,0.04406975501606475,0.06077415628194571
157,16,405838,occupancy,14,401469,flow,1,0.001482026501389691,0.01328564948330248,0.0712704836382645
157,16,405838,occupancy,14,401469,flow,2,1.440843693380256e-07,3.6831034055637312e-06,0.11769386377362429
157,16,405838,occupancy,14,401469,flow,4,4.4518839997728685e-05,0.0006643225864946043,0.09147821786494703
157,16,405838,occupancy,14,401469,flow,6,6.378494543113933e-05,0.0009088092488869456,0.08959636989574
157,16,405838,occupancy,14,401469,flow,7,4.294928145479327e-06,8.20977415419057e-05,0.10293490339843966
157,16,405838,occupancy,14,401469,flow,10,0.00028207350594188754,0.0033020405004705084,0.0813984740560023
157,16,405838,occupancy,15,401472,flow,8,0.0007890203879349105,0.007871981699489177,0.07526088951663366
157,16,405838,occupancy,15,401472,flow,9,5.467851763067537e-08,1.502615751682682e-06,0.12159029482915493
157,16,405838,occupancy,15,401472,flow,10,0.0016108433649654043,0.014203793169035925,0.0707281810952142
157,16,405838,occupancy,16,405838,flow,5,0.001037703399897505,0.00986549006944811,0.07354993070477643
157,16,405838,occupancy,16,405838,flow,6,0.00017826295386436363,0.002223782733739679,0.08400650038890316
157,16,405838,occupancy,17,400260,flow,1,1.7476142919279204e-09,5.888996677947439e-08,0.13454784764099667
157,16,405838,occupancy,17,400260,flow,2,3.1302151987653367e-09,1.028329251609601e-07,0.13244199717296568
157,16,405838,occupancy,17,400260,flow,3,5.939397179056223e-11,2.343214229545469e-09,0.14617381071947227
157,16,405838,occupancy,17,400260,flow,4,4.70952245571444e-11,1.887303989674061e-09,0.14693783205836072
157,16,405838,occupancy,17,400260,flow,5,3.686391986790934e-08,1.0497833475897716e-06,0.12314142874160157
157,16,405838,occupancy,17,400260,flow,6,1.3566050121504502e-07,3.487981707257178e-06,0.11793975706325298
157,16,405838,occupancy,17,400260,flow,7,0.0032165683229781724,0.024698853813127804,0.06608118919538014
157,16,405838,occupancy,17,400260,flow,8,0.0004091160593513063,0.004520156972883998,0.07922884972943554
157,16,405838,occupancy,17,400260,flow,9,6.901066903126914e-07,1.5454955428464627e-05,0.11111667742653104
157,16,405838,occupancy,17,400260,flow,10,1.712735614554614e-07,4.328042740223984e-06,0.11698552710283673
157,16,405838,occupancy,17,400260,flow,11,2.747964145658071e-11,1.1381788215956728e-09,0.1486966260377319
157,16,405838,occupancy,17,400260,flow,12,2.1065080440988644e-07,5.238983736618938e-06,0.11613207492431056
157,16,405838,occupancy,18,404528,flow,1,0.0030958016427463935,0.023971792609185194,0.06634562736741417
157,16,405838,occupancy,18,404528,flow,3,0.004960849341981835,0.03470586098358142,0.0630218316124673
157,16,405838,occupancy,18,404528,flow,9,0.000193905681058983,0.002399520315596696,0.083533990126905
157,16,405838,occupancy,19,401795,flow,10,7.657340325059659e-06,0.0001381198755918903,0.10021619593225399
157,16,405838,speed,4,400316,flow,4,0.004570489978422986,0.0325280341133234,-0.0636100894705084
157,16,405838,speed,10,400497,flow,3,0.0016935997917584234,0.014771554816063778,-0.07040046730994871
157,16,405838,speed,15,401472,flow,1,0.0054854082429345325,0.03761422795155108,0.062293993612195224
157,16,405838,speed,15,401472,flow,6,0.0019870344216607817,0.016766519513798747,0.06934627445759765
157,16,405838,speed,15,401472,flow,7,0.0005178058669083154,0.0055178128886135235,0.07782618625535788
157,16,405838,speed,16,405838,flow,5,0.0016912974194216175,0.014763396346537458,-0.070409383592097
157,16,405838,speed,18,404528,flow,11,0.0055901505261979675,0.03814403404928178,0.06215623000172297
157,17,400260,flow,0,400593,flow,4,0.002985343273097763,0.023291823983713808,0.0665958563562439
157,17,400260,flow,0,400593,flow,7,0.000497507117798997,0.005326470257476251,0.07806585434231472
157,17,400260,flow,0,400593,flow,8,2.113379218817944e-06,4.316689468223885e-05,0.10617937238388456
157,17,400260,flow,0,400593,flow,9,3.9284343433279074e-05,0.0005931784817608026,0.09212449929564114
157,17,400260,flow,0,400593,flow,10,0.00016368850009191625,0.0020676442116873634,0.08448320720711516
157,17,400260,flow,0,400593,flow,12,0.0036850217450402844,0.02749921219308003,0.06513428358961815
157,17,400260,flow,1,400125,flow,2,0.00016734554975995382,0.0021082903906765836,-0.0843599502926845
157,17,400260,flow,1,400125,flow,3,3.339704086746373e-05,0.0005121590931751626,-0.09295716292512048
157,17,400260,flow,1,400125,flow,4,0.005652948294628094,0.03846586022836883,-0.062074746353939905
157,17,400260,flow,1,400125,flow,6,0.0001050518437703425,0.0014072060932957507,-0.08692362847901063
157,17,400260,flow,1,400125,flow,7,0.0009989963129678802,0.009550042204074446,-0.07378941352353521
157,17,400260,flow,1,400125,flow,8,0.00012141735620692433,0.0015954065860986518,-0.0861338965773029
157,17,400260,flow,1,400125,flow,12,3.803676175694747e-05,0.0005763550010172328,-0.0922905651550365
157,17,400260,flow,2,400331,flow,3,0.007553406175430989,0.04815630855646675,-0.05992849489710476
157,17,400260,flow,2,400331,flow,4,0.0012075710355312738,0.011182651390128839,-0.07258798482013665
157,17,400260,flow,2,400331,flow,7,6.365512952769808e-05,0.0009078579054462058,-0.08960713351518364
157,17,400260,flow,2,400331,flow,8,7.280931913146133e-05,0.0010212216189867303,-0.08889468574117881
157,17,400260,flow,2,400331,flow,9,1.096437579738861e-06,2.360045014684544e-05,-0.1091000969152203
157,17,400260,flow,2,400331,flow,10,1.4568900754909472e-05,0.00024412869786640697,-0.09710817872445973
157,17,400260,flow,2,400331,flow,11,0.000661345646156409,0.006789480017575301,-0.07634526951671528
157,17,400260,flow,2,400331,flow,12,0.00027566575584266355,0.003244498826706628,-0.08153085130707205
157,17,400260,flow,3,400039,flow,12,0.004302432570904563,0.031039593697908673,-0.06404098037888088
157,17,400260,flow,4,400316,flow,5,0.0022516584423101535,0.018538525768591316,0.06851166273880487
157,17,400260,flow,4,400316,flow,6,0.0011619461965707355,0.010846170201351724,0.072833424303023
157,17,400260,flow,4,400316,flow,7,0.0066920222787350955,0.043835536382313287,0.06083284288861533
157,17,400260,flow,4,400316,flow,8,0.0014779749312801968,0.013257582440054922,0.07128823462496953
157,17,400260,flow,4,400316,flow,9,3.3325800660994844e-05,0.00051124807832208,0.09296806850567138
157,17,400260,flow,4,400316,flow,10,0.0008739673340141384,0.008549680441442657,0.0746263766997525
157,17,400260,flow,5,400503,flow,6,0.00793802428179115,0.049956923059185705,0.05955425400702249
157,17,400260,flow,8,401448,flow,7,0.004018212109111151,0.02946143297922636,-0.06452528141651213
157,17,400260,flow,9,402391,flow,2,0.0031445102774358786,0.024257650711648208,-0.06623786026114396
157,17,400260,flow,9,402391,flow,3,0.0005965676775356479,0.006223550753330111,-0.07697227509798425
157,17,400260,flow,10,400497,flow,1,1.85334661136257e-07,4.654917070399013e-06,-0.11666083659141882
157,17,400260,flow,10,400497,flow,2,1.448209460581711e-06,3.066796504761271e-05,-0.10787079010917688
157,17,400260,flow,10,400497,flow,5,0.005391783865392637,0.037054575721438415,0.06241915734434894
157,17,400260,flow,10,400497,flow,9,0.00026399650629779325,0.0031262744166843937,0.08177950541506547
157,17,400260,flow,10,400497,flow,10,1.0928715470819822e-07,2.854416616320534e-06,0.11881806520112471
157,17,400260,flow,10,400497,flow,12,0.006363561872741039,0.04220231392422673,-0.06120545490281058
157,17,400260,flow,12,404520,flow,1,3.9961207657030144e-07,9.428313330331526e-06,-0.11345229271984879
157,17,400260,flow,12,404520,flow,2,0.0014759142905103567,0.01324184784009292,-0.07129728002609902
157,17,400260,flow,12,404520,flow,5,3.156179738662693e-05,0.0004878245606806022,0.09324541343613182
157,17,400260,flow,12,404520,flow,6,0.002019731893344556,0.016981786257782176,0.06923781179444895
157,17,400260,flow,14,401469,flow,1,3.127873536974009e-11,1.2856720913156727e-09,0.14827577730148908
157,17,400260,flow,14,401469,flow,2,2.857008401218068e-07,6.89512642081679e-06,0.11486414698580658
157,17,400260,flow,14,401469,flow,3,1.513350335851997e-09,5.1275870202985305e-08,0.13506286471496498
157,17,400260,flow,14,401469,flow,4,1.41463418364991e-07,3.622536854396924e-06,0.11776884673873748
157,17,400260,flow,14,401469,flow,5,6.0191165475014e-09,1.9077464039035985e-07,0.13003970727297137
157,17,400260,flow,14,401469,flow,6,0.0006715495888783247,0.006884419136104326,0.07625174947509009
157,17,400260,flow,14,401469,flow,7,8.484446217389012e-05,0.0011654310861405573,0.08807712629453558
157,17,400260,flow,14,401469,flow,9,0.002721306347139817,0.021594495627560634,0.06723002562914508
157,17,400260,flow,14,401469,flow,10,0.0012716414288033012,0.011668417528526468,0.07225738839464313
157,17,400260,flow,14,401469,flow,11,0.00013775656264109786,0.0017833633521412728,0.08543979460211255
157,17,400260,flow,14,401469,flow,12,0.000288592492891283,0.003365780175889021,0.08126665724437024
157,17,400260,flow,15,401472,flow,1,7.2091307407824605e-06,0.0001307449403869867,-0.10050301899952202
157,17,400260,flow,15,401472,flow,2,3.5124150996238266e-15,2.1401457306593698e-13,-0.17536480507596827
157,17,400260,flow,15,401472,flow,3,5.249487628096412e-07,1.2069072141232836e-05,-0.11229188261894887
157,17,400260,flow,15,401472,flow,5,0.0018790988756452705,0.016052416734798434,0.06971632049260881
157,17,400260,flow,15,401472,flow,6,6.433488138877225e-06,0.00011806571265908927,0.10104223964299489
157,17,400260,flow,15,401472,flow,7,7.66048897296044e-05,0.0010661505271645974,0.08862386729575536
157,17,400260,flow,15,401472,flow,8,0.00011436589453984155,0.0015150587685130805,0.08646105388576376
157,17,400260,flow,15,401472,flow,9,1.0784461909190006e-06,2.3247941840170073e-05,0.10917277448186224
157,17,400260,flow,15,401472,flow,10,2.7834956527473777e-12,1.2915898195347659e-10,0.1559495393210524
157,17,400260,flow,15,401472,flow,11,2.6486237473091845e-08,7.663800795964955e-07,0.12442770164574801
157,17,400260,flow,16,405838,flow,1,2.390441814363685e-13,1.235252229431952e-11,0.16336394815110455
157,17,400260,flow,16,405838,flow,2,2.34710306324305e-10,8.840004562519596e-09,0.14156436764396488
157,17,400260,flow,16,405838,flow,3,1.1004397971299822e-06,2.3639482464453126e-05,0.10908408565876564
157,17,400260,flow,16,405838,flow,4,0.00021709171761688284,0.0026470116288595364,0.08289566122693921
157,17,400260,flow,16,405838,flow,5,1.9308467821274216e-09,6.44610363121365e-08,0.13418991570888952
157,17,400260,flow,16,405838,flow,6,1.1889986351493175e-05,0.00020399023446564943,0.09809994276944507
157,17,400260,flow,16,405838,flow,7,0.0032465687582724783,0.024889706025669204,0.06601690183252855
157,17,400260,flow,16,405838,flow,10,8.071958941439562e-05,0.0011147973985619856,0.08834424224877253
157,17,400260,flow,16,405838,flow,11,0.00046070418517780493,0.004993080983362061,0.07852461699817367
157,17,400260,flow,16,405838,flow,12,0.006601137651896134,0.04338493025436072,0.060934269862807984
157,17,400260,flow,17,400260,flow,1,0.0,0.0,0.7330693486437654
157,17,400260,flow,17,400260,flow,2,8.584869926963397e-254,1.2362212694827292e-250,0.6648607006860794
157,17,400260,flow,17,400260,flow,3,6.129717864796216e-187,5.192231603121501e-184,0.5904633260432551
157,17,400260,flow,17,400260,flow,4,2.782526466513292e-150,1.5816466230707132e-147,0.5393180814901428
157,17,400260,flow,17,400260,flow,5,1.457296732143748e-135,7.154002139614761e-133,0.5159942691946212
157,17,400260,flow,17,400260,flow,6,8.974847091552446e-113,3.692508517667292e-110,0.47587203718382426
157,17,400260,flow,17,400260,flow,7,1.2217101781486113e-103,4.670608822656638e-101,0.4581582882971347
157,17,400260,flow,17,400260,flow,8,9.487998024787155e-85,2.714447117025199e-82,0.4178174285739112
157,17,400260,flow,17,400260,flow,9,6.534789013955723e-81,1.7754898453011778e-78,0.4089046750986624
157,17,400260,flow,17,400260,flow,10,5.699277845338946e-86,1.721739880549947e-83,0.4205979892768026
157,17,400260,flow,17,400260,flow,11,2.446757929493933e-92,8.068697904896022e-90,0.43468522790950687
157,17,400260,flow,17,400260,flow,12,3.7442165477755287e-97,1.3258209415074002e-94,0.4449124355928685
157,17,400260,flow,18,404528,flow,3,0.0019973290243674325,0.016832737778516016,-0.06931195019702485
157,17,400260,flow,18,404528,flow,4,0.002378621457107307,0.019307863011468557,-0.06814269689142391
157,17,400260,flow,19,401795,flow,1,1.3048801265601956e-53,2.6218986729023463e-51,0.33600074522219153
157,17,400260,flow,19,401795,flow,3,0.002257404756337022,0.018575216280716067,-0.06849455675468306
157,17,400260,flow,19,401795,flow,11,0.00022269400554927773,0.0027061550041431216,0.08275105280246649
157,17,400260,flow,19,401795,flow,12,0.0009013989978466322,0.008774321024554868,0.07443365914076545
157,17,400260,occupancy,0,400593,flow,4,0.002966089418197077,0.023158334152559867,0.06664033500611691
157,17,400260,occupancy,0,400593,flow,7,0.0020402675754178133,0.01711115497147147,0.069170511975308
157,17,400260,occupancy,0,400593,flow,8,6.614114948423171e-06,0.00012102065471066538,0.10091132526791004
157,17,400260,occupancy,0,400593,flow,9,8.255190324158862e-05,0.0011368320752427887,0.08822403177136456
157,17,400260,occupancy,0,400593,flow,10,0.0005577363813383369,0.0058694790922816445,0.07737922866901553
157,17,400260,occupancy,1,400125,flow,2,0.0004737948897237049,0.005105497439776516,-0.07835764449570363
157,17,400260,occupancy,1,400125,flow,3,9.672051273007427e-05,0.0013081797589039477,-0.08737142277077228
157,17,400260,occupancy,1,400125,flow,6,0.00014528923063864905,0.0018676130611759243,-0.0851455670556018
157,17,400260,occupancy,1,400125,flow,7,0.0018987220387446256,0.01619762876654183,-0.06964761794382462
157,17,400260,occupancy,1,400125,flow,8,0.0002081273612696437,0.002553564898281343,-0.08313450263321549
157,17,400260,occupancy,1,400125,flow,12,0.00018427463825460325,0.002290179623877693,-0.08382046572348073
157,17,400260,occupancy,2,400331,flow,3,0.0019311431131347092,0.016412626891091766,-0.06953552357647347
157,17,400260,occupancy,2,400331,flow,4,0.00020447930726339713,0.0025166683970879646,-0.0832344739195669
157,17,400260,occupancy,2,400331,flow,7,2.2040819990980758e-05,0.00035396409799641964,-0.09505763768053453
157,17,400260,occupancy,2,400331,flow,8,1.04129774558634e-05,0.00018204800732225774,-0.09874233964640948
157,17,400260,occupancy,2,400331,flow,9,9.338163820297315e-08,2.4673313580235108e-06,-0.1194531716000607
157,17,400260,occupancy,2,400331,flow,10,5.994677526535601e-06,0.00011090795252519827,-0.10137552895131625
157,17,400260,occupancy,2,400331,flow,11,0.00030513069197200826,0.0035226204952407154,-0.08094435613889547
157,17,400260,occupancy,2,400331,flow,12,0.0003090850324799636,0.0035568655842126875,-0.08086971807595379
157,17,400260,occupancy,4,400316,flow,5,0.0027531261998566554,0.021786966813300515,0.06715069601759147
157,17,400260,occupancy,4,400316,flow,6,0.0009764431627099055,0.00938010776719322,0.07393293938727068
157,17,400260,occupancy,4,400316,flow,8,0.001979629514684575,0.0167227209687864,0.06937106489336921
157,17,400260,occupancy,4,400316,flow,9,0.00012295969704184017,0.001613075891954903,0.08606473005684029
157,17,400260,occupancy,4,400316,flow,10,0.0015613405128434604,0.013860692726285576,0.07093169265545538
157,17,400260,occupancy,8,401448,flow,7,0.0004007554634154815,0.00443572534449111,-0.07935071947177208
157,17,400260,occupancy,9,402391,flow,3,0.0015468892539536574,0.013750126701810287,-0.07099222312944309
157,17,400260,occupancy,10,400497,flow,1,5.590151786332863e-07,1.2784253952862872e-05,-0.11202279991309401
157,17,400260,occupancy,10,400497,flow,2,4.805068142664511e-06,9.070883962648185e-05,-0.10241250886531801
157,17,400260,occupancy,10,400497,flow,9,0.0014218378423309572,0.012860844805003633,0.07153891078746977
157,17,400260,occupancy,10,400497,flow,10,2.039587598061522e-06,4.177818124052051e-05,0.10633950861550158
157,17,400260,occupancy,10,400497,flow,12,0.0066979308896679335,0.043859868854972686,-0.06082629182026757
157,17,400260,occupancy,11,405841,flow,11,0.0021371764412430774,0.01776183575638725,-0.0688610688656997
157,17,400260,occupancy,12,404520,flow,1,6.883590710519023e-06,0.0001253672507143431,-0.10072223342631977
157,17,400260,occupancy,12,404520,flow,2,0.004153516586056983,0.030278757427887555,-0.06429098209008641
157,17,400260,occupancy,12,404520,flow,5,0.0002102940747881544,0.0025764110055888708,0.0830759016851537
157,17,400260,occupancy,12,404520,flow,6,0.003486960069739671,0.026347889461069113,0.06552045232203195
157,17,400260,occupancy,14,401469,flow,1,5.655244281482793e-11,2.247530386017081e-09,0.1463355756329866
157,17,400260,occupancy,14,401469,flow,2,2.1008835690912302e-07,5.228005194973568e-06,0.1161431398920789
157,17,400260,occupancy,14,401469,flow,3,1.9847784280461023e-09,6.621036918269623e-08,0.134090854342824
157,17,400260,occupancy,14,401469,flow,4,1.4217898614770803e-07,3.63870391088921e-06,0.11774824262233721
157,17,400260,occupancy,14,401469,flow,5,5.133178415384593e-09,1.643834748292175e-07,0.130628686936567
157,17,400260,occupancy,14,401469,flow,6,0.0013372066951872518,0.012189771941778704,0.07193462015741453
157,17,400260,occupancy,14,401469,flow,7,0.0006307291797899965,0.006522146857620919,0.07663414425113435
157,17,400260,occupancy,14,401469,flow,9,0.006817323516465571,0.04441387059437682,0.06069501722527427
157,17,400260,occupancy,14,401469,flow,11,0.001257774378429687,0.011560819818757975,0.07232761624764475
157,17,400260,occupancy,14,401469,flow,12,0.0022890736211490167,0.01879285070954723,0.06840099211605351
157,17,400260,occupancy,15,401472,flow,1,1.8988532764681077e-05,0.00030966576649083525,-0.09580062998436328
157,17,400260,occupancy,15,401472,flow,2,1.3928011895849382e-13,7.364628077119868e-12,-0.16494990794896555
157,17,400260,occupancy,15,401472,flow,3,5.3633045360309585e-06,0.00010012737941077675,-0.10189850159594362
157,17,400260,occupancy,15,401472,flow,5,0.003891109533837409,0.028739260020819984,0.06475199092784183
157,17,400260,occupancy,15,401472,flow,6,2.1781634291437435e-05,0.00035005361145002263,0.09511679642537885
157,17,400260,occupancy,15,401472,flow,7,0.000308068235201809,0.003549892707580194,0.08088882438718158
157,17,400260,occupancy,15,401472,flow,8,0.0002911775349156824,0.0033941903692275978,0.08121515705355813
157,17,400260,occupancy,15,401472,flow,9,1.0540759296920293e-05,0.00018390985526129107,0.09868343396167671
157,17,400260,occupancy,15,401472,flow,10,1.2245670489196575e-10,4.714910562685313e-09,0.14376509990794137
157,17,400260,occupancy,15,401472,flow,11,2.1667110587664223e-07,5.3701616602816665e-06,0.11601539319266592
157,17,400260,occupancy,16,405838,flow,1,1.3861036992822672e-12,6.645913408323412e-11,0.15809127708521564
157,17,400260,occupancy,16,405838,flow,2,6.309311148690548e-10,2.2377852350035442e-08,0.1381526483818784
157,17,400260,occupancy,16,405838,flow,3,6.094656315147403e-06,0.0001123247238969146,0.10129758700073123
157,17,400260,occupancy,16,405838,flow,4,0.0005753858124544495,0.006030410097339219,0.07719109707896983
157,17,400260,occupancy,16,405838,flow,5,4.738628195108147e-09,1.5231304912847615e-07,0.1309235616326175
157,17,400260,occupancy,16,405838,flow,6,2.8317063942425563e-05,0.0004424221201854555,0.09379637615875422
157,17,400260,occupancy,16,405838,flow,7,0.00477043824043546,0.03367918483196795,0.06330333255435303
157,17,400260,occupancy,16,405838,flow,10,0.0003487230271183279,0.00394780785416975,0.08016726583878063
157,17,400260,occupancy,16,405838,flow,11,0.0008258747772532779,0.008158653184848298,0.07497818974464861
157,17,400260,occupancy,17,400260,flow,1,0.0,0.0,0.7228376629739695
157,17,400260,occupancy,17,400260,flow,2,6.426567021687319e-243,8.412960464754309e-240,0.654059509825507
157,17,400260,occupancy,17,400260,flow,3,3.0869821476244612e-180,2.3396075224101183e-177,0.5817600468963178
157,17,400260,occupancy,17,400260,flow,4,9.933455369115339e-146,5.5016060505869565e-143,0.5322968608756211
157,17,400260,occupancy,17,400260,flow,5,1.61699908309495e-132,7.848804538168746e-130,0.5109331369173555
157,17,400260,occupancy,17,400260,flow,6,3.440471508794808e-108,1.3761886035179231e-105,0.4671133799605229
157,17,400260,occupancy,17,400260,flow,7,3.5647877162288263e-100,1.339120255139872e-97,0.451155225105294
157,17,400260,occupancy,17,400260,flow,8,1.6762297954804342e-81,4.5831093142249845e-79,0.41029459892637615
157,17,400260,occupancy,17,400260,flow,9,4.2093170430807814e-77,1.0759911021366258e-74,0.3997829783182113
157,17,400260,occupancy,17,400260,flow,10,3.1406367690016032e-80,8.323650823366212e-78,0.40729272575528896
157,17,400260,occupancy,17,400260,flow,11,1.0911849168581131e-85,3.250978510915206e-83,0.4199581263811786
157,17,400260,occupancy,17,400260,flow,12,6.509552578820389e-91,2.1143809880078255e-88,0.4315901416197037
157,17,400260,occupancy,18,404528,flow,3,0.00212091584530301,0.01765471081235319,-0.06891208135292587
157,17,400260,occupancy,18,404528,flow,4,0.0023292896039276015,0.019003835862072216,-0.06828386824276769
157,17,400260,occupancy,19,401795,flow,1,8.65048543143081e-53,1.690954618270638e-50,0.3334817506864083
157,17,400260,occupancy,19,401795,flow,3,0.0015262375184377688,0.013602942190326307,-0.07107963435264372
157,17,400260,occupancy,19,401795,flow,11,0.0022528044297541474,0.01854442670834207,0.06850824810421811
157,17,400260,occupancy,19,401795,flow,12,0.0033063448922662233,0.025226792537248473,0.06589040505068722
157,17,400260,speed,2,400331,flow,1,0.00045498536921149274,0.004943503005517225,-0.07859895322615705
157,17,400260,speed,2,400331,flow,2,0.005564532362774206,0.03805172553454413,-0.06218970821394685
157,17,400260,speed,3,400039,flow,8,0.004651041819675736,0.03298178046782531,-0.06348507531224326
157,17,400260,speed,5,400503,flow,1,0.0025006250190899902,0.020188189277646717,-0.06780474335088946
157,17,400260,speed,7,408093,flow,3,0.00032843796432684586,0.0037446608759355345,-0.08051684608779001
157,17,400260,speed,8,401448,flow,7,7.831216079543486e-05,0.001086411479243027,0.08850616301355103
157,17,400260,speed,8,401448,flow,11,0.0062428207928282515,0.04163165456162094,-0.0613467842717181
157,17,400260,speed,12,404520,flow,6,0.004202486301842251,0.03050704221804491,-0.06420788706247223
157,17,400260,speed,13,400183,flow,8,0.0007119484052975384,0.007224846396254089,-0.07589400168823235
157,17,400260,speed,14,401469,flow,5,2.0691352014759406e-07,5.1549389102514785e-06,-0.11620613969578886
157,17,400260,speed,14,401469,flow,9,0.005424065871799739,0.037246804269869455,-0.062375780529082776
157,17,400260,speed,15,401472,flow,8,0.004754370315763913,0.03357672022903401,-0.06332754960182625
157,17,400260,speed,16,405838,flow,1,0.0032370622703055984,0.024838559516376882,-0.06603721435532446
157,17,400260,speed,16,405838,flow,2,0.0006648943764917362,0.006821048934800049,-0.07631259398098414
157,17,400260,speed,16,405838,flow,5,0.00032668495552712535,0.003728610324642487,-0.08054799715535811
157,17,400260,speed,16,405838,flow,11,0.007440420757367923,0.04756232268693316,-0.060041676290283334
157,17,400260,speed,17,400260,flow,1,5.923642970809814e-10,2.107919080222273e-08,-0.13837276467020257
157,17,400260,speed,17,400260,flow,2,7.5996744509175354e-06,0.00013730904905045484,-0.10025218498071665
157,17,400260,speed,17,400260,flow,3,0.00037746855623599086,0.004216871380758935,-0.07970311976717248
157,17,400260,speed,17,400260,flow,4,0.003989349806296705,0.029299542950020005,-0.06457618533686588
157,17,400260,speed,17,400260,flow,5,0.000255199883218626,0.003043797613209454,-0.08197385058033338
157,17,400260,speed,17,400260,flow,12,0.004776054621242348,0.03371332673818128,-0.0632948851262091
157,17,400260,speed,19,401795,flow,1,8.098700045383031e-23,7.638948514422422e-21,-0.21812636172049701
157,18,404528,flow,1,400125,flow,1,0.0004069266501536543,0.004498267985321869,0.07926053776457972
157,18,404528,flow,1,400125,flow,2,9.795379520198965e-07,2.1264341470984686e-05,0.109594422705091
157,18,404528,flow,1,400125,flow,11,0.00033510958686112376,0.0038116730259085164,0.08039969574668021
157,18,404528,flow,1,400125,flow,12,4.3995952953433966e-05,0.0006574282834964882,0.09153944123926973
157,18,404528,flow,3,400039,flow,1,8.550660835384352e-10,2.9741428992641222e-08,0.1370869092575874
157,18,404528,flow,3,400039,flow,2,0.0007247511899281051,0.0073306605958544,0.07578455680069546
157,18,404528,flow,3,400039,flow,3,0.0007732587307490811,0.0077307977709697535,0.07538554885814433
157,18,404528,flow,3,400039,flow,4,0.0003358944924645003,0.003818590019596425,0.08038605686627116
157,18,404528,flow,3,400039,flow,5,0.0027694172729919374,0.0219038495410567,0.06711040438252769
157,18,404528,flow,3,400039,flow,6,0.0042111307060437725,0.030554391417717666,0.06419330989095387
157,18,404528,flow,3,400039,flow,8,0.007620049813815667,0.048438221300299705,0.059862444896371006
157,18,404528,flow,3,400039,flow,11,0.0003681263909156423,0.004126377812027957,0.07985023173147265
157,18,404528,flow,3,400039,flow,12,0.005590926472223432,0.03814403404928178,0.06215521814342162
157,18,404528,flow,4,400316,flow,1,0.002806705585761965,0.022137973581324976,0.06701898981481252
157,18,404528,flow,5,400503,flow,1,5.063432541962611e-10,1.8152720814338988e-08,0.13891883137704084
157,18,404528,flow,5,400503,flow,6,2.1090903092381028e-05,0.0003400996691268609,0.09527778686636741
157,18,404528,flow,5,400503,flow,9,1.2129166102166423e-05,0.00020759903946655683,0.0980031471403841
157,18,404528,flow,5,400503,flow,11,4.5915272571024387e-07,1.071025796473139e-05,0.11286294521794539
157,18,404528,flow,5,400503,flow,12,5.977545655604365e-05,0.0008596204138552215,0.08993879139917872
157,18,404528,flow,6,405843,flow,6,0.005256407786878296,0.0362742518199908,0.06260365049692308
157,18,404528,flow,6,405843,flow,11,8.376352555942739e-08,2.224083776378158e-06,0.11989018200722541
157,18,404528,flow,7,408093,flow,3,0.00023379886495323814,0.002822048328018968,0.08247422534562085
157,18,404528,flow,7,408093,flow,5,0.00014030049933331718,0.0018124944889950066,0.08533877017709125
157,18,404528,flow,7,408093,flow,9,0.00036007740393325397,0.00405192598330726,0.07997980422784556
157,18,404528,flow,8,401448,flow,1,0.007866797875825778,0.04961250631177717,0.059622315552420806
157,18,404528,flow,8,401448,flow,10,0.003457423238544449,0.026185253139046318,0.06557974207203954
157,18,404528,flow,9,402391,flow,1,0.001719631378204784,0.014950307011158515,0.07030042379503339
157,18,404528,flow,9,402391,flow,2,2.5110853042785497e-07,6.110770167333227e-06,0.11540275635499359
157,18,404528,flow,10,400497,flow,1,0.0005962228660876129,0.006221455993957699,0.07697577895495938
157,18,404528,flow,10,400497,flow,4,0.004691924362882416,0.033217163631025955,0.06342237443516051
157,18,404528,flow,10,400497,flow,5,0.0051621062071638074,0.03578927750753916,0.06273471810521551
157,18,404528,flow,10,400497,flow,10,1.1150763347483457e-07,2.907139267418741e-06,0.11873660796068641
157,18,404528,flow,10,400497,flow,11,7.763647218235337e-13,3.8639350210572184e-11,0.1598496691256379
157,18,404528,flow,10,400497,flow,12,4.000688702280398e-05,0.0006030347241399623,0.09203059436872585
157,18,404528,flow,12,404520,flow,1,0.00763667077370394,0.04850105519317998,0.05984605262973151
157,18,404528,flow,12,404520,flow,6,0.003950294634334907,0.02906706322658286,0.06464560083804005
157,18,404528,flow,12,404520,flow,9,4.413198800522881e-06,8.409800978499712e-05,0.10280869607593765
157,18,404528,flow,12,404520,flow,10,0.0010411633531670808,0.009887504255180894,0.07352892788898144
157,18,404528,flow,12,404520,flow,11,3.0221678938783138e-05,0.0004696318453796517,0.09346613297862462
157,18,404528,flow,13,400183,flow,3,0.004051484133394449,0.029660077031459113,0.06446701010424088
157,18,404528,flow,14,401469,flow,1,0.0014247123232926464,0.012881450892892912,0.07152585538607414
157,18,404528,flow,14,401469,flow,12,4.9016043335039936e-05,0.0007215207982740037,0.09097812139281004
157,18,404528,flow,15,401472,flow,1,2.8924436119323562e-06,5.742351288395119e-05,0.10475534867733345
157,18,404528,flow,15,401472,flow,10,0.0006013353564125096,0.006265722961172314,0.07692401967216309
157,18,404528,flow,15,401472,flow,11,4.59566733540659e-14,2.522653480172359e-12,0.16815751194561293
157,18,404528,flow,15,401472,flow,12,5.054517730085645e-14,2.7674925974613417e-12,0.1678846617683469
157,18,404528,flow,16,405838,flow,1,0.00012449285704814434,0.0016302186797453276,0.08599678055133769
157,18,404528,flow,16,405838,flow,4,0.00385106250850471,0.028508427298464138,0.06482481507499137
157,18,404528,flow,16,405838,flow,6,5.608554694277589e-05,0.0008119623417989003,0.09027369627965903
157,18,404528,flow,16,405838,flow,10,0.0036616601943164173,0.027353228496363343,0.06517883738641192
157,18,404528,flow,16,405838,flow,11,0.005496809926790928,0.03768044887930309,0.062278882892707624
157,18,404528,flow,17,400260,flow,4,0.00760257325439805,0.04836983278203178,0.059879715569005766
157,18,404528,flow,17,400260,flow,5,0.005239957081543833,0.03620120676838215,0.06262636128352021
157,18,404528,flow,17,400260,flow,6,0.0020616387767396155,0.017267735292080505,0.06910113025326588
157,18,404528,flow,17,400260,flow,12,0.0056479581728579534,0.03845418330456479,0.06208119139618795
157,18,404528,flow,18,404528,flow,1,5.147446373528395e-132,2.4707742592936297e-129,0.5097588396750887
157,18,404528,flow,18,404528,flow,2,1.363618985631886e-23,1.3297593719931708e-21,0.22186312827138255
157,18,404528,flow,18,404528,flow,3,0.0005095508331727306,0.005441927315960929,0.07790300370518141
157,18,404528,flow,18,404528,flow,5,0.0008164994836601923,0.008080819632100873,0.07504897839695894
157,18,404528,flow,18,404528,flow,10,5.937946917378717e-05,0.000854494692973886,0.08997378043208515
157,18,404528,flow,18,404528,flow,12,0.000782509982073644,0.00781786106049524,0.07531209797285313
157,18,404528,flow,19,401795,flow,1,0.001108073097034212,0.010424381052238233,0.07313496429447017
157,18,404528,flow,19,401795,flow,2,0.0001887688965769458,0.0023419920540275873,0.0836850764699022
157,18,404528,flow,19,401795,flow,5,0.0019271807475366265,0.01638230463933815,0.06954913024048896
157,18,404528,flow,19,401795,flow,6,0.00475285153579583,0.03357191367709233,0.06332984248429607
157,18,404528,flow,19,401795,flow,12,1.9229052142644604e-05,0.0003125638849473132,0.09573809752182431
157,18,404528,occupancy,0,400593,flow,5,0.004906544270769587,0.0344430797038099,-0.06310110569604489
157,18,404528,occupancy,1,400125,flow,2,0.005194396493043165,0.035949684155633564,0.0626895969621036
157,18,404528,occupancy,2,400331,flow,10,0.005609824842755121,0.038236736069268105,-0.06213061307724789
157,18,404528,occupancy,3,400039,flow,1,2.4730799379432235e-05,0.0003916314271229738,0.09447994253294158
157,18,404528,occupancy,3,400039,flow,5,0.00012433528770354403,0.0016286490081240457,0.08600372755748108
157,18,404528,occupancy,5,400503,flow,11,0.001240301624960268,0.011434278744832176,0.0724171289381904
157,18,404528,occupancy,5,400503,flow,12,0.003461145266890819,0.026204254386555097,0.06557224547594727
157,18,404528,occupancy,6,405843,flow,5,0.0003668209420962501,0.004116016804820261,0.07987106587508366
157,18,404528,occupancy,6,405843,flow,8,0.00020706765708297314,0.0025440971942757963,0.0831633721942631
157,18,404528,occupancy,9,402391,flow,1,0.0018024120937187135,0.015544859742193736,0.06999128193918433
157,18,404528,occupancy,11,405841,flow,3,0.004977908712734407,0.034785774246219085,0.06299709033546223
157,18,404528,occupancy,12,404520,flow,6,0.006115201085163065,0.0410403428427908,0.06149886380324526
157,18,404528,occupancy,13,400183,flow,9,0.001204937475369515,0.01116544378720786,0.07260191733771322
157,18,404528,occupancy,14,401469,flow,1,2.7340128576252522e-05,0.000429332444381719,0.09397404689093777
157,18,404528,occupancy,14,401469,flow,5,1.2826252481861765e-05,0.00021814728630568041,0.09773108162444218
157,18,404528,occupancy,14,401469,flow,10,1.4579779336625671e-06,3.0829489346168816e-05,0.10784092612377105
157,18,404528,occupancy,16,405838,flow,1,0.00015281754029794676,0.0019520158902635422,0.08486551616137958
157,18,404528,occupancy,16,405838,flow,5,0.00037680908227760777,0.004210592952507154,0.07971339237699702
157,18,404528,occupancy,16,405838,flow,7,0.006235556244971318,0.041589629424542376,0.0613553657366707
157,18,404528,occupancy,16,405838,flow,8,0.004667393484555874,0.0330760168196873,0.06345993743204709
157,18,404528,occupancy,16,405838,flow,11,0.004343649358074462,0.03125864605510857,0.06397317115097476
157,18,404528,occupancy,17,400260,flow,1,0.00015863033929789798,0.0020173184155634952,0.08465802408057796
157,18,404528,occupancy,17,400260,flow,3,6.460396275803419e-05,0.0009192658732368502,0.08952893544738388
157,18,404528,occupancy,17,400260,flow,4,1.4901263305551713e-05,0.0002492197347269973,0.09699749739577632
157,18,404528,occupancy,17,400260,flow,5,0.004387261453287327,0.03151474805154847,0.06390205295650037
157,18,404528,occupancy,17,400260,flow,6,0.0018805124418109507,0.016061316228990326,0.06971134950672202
157,18,404528,occupancy,17,400260,flow,7,0.0007648510622835785,0.007662700809520081,0.0754530126021029
157,18,404528,occupancy,17,400260,flow,8,0.0012440679869088625,0.011466553666409827,0.07239773598093256
157,18,404528,occupancy,17,400260,flow,10,2.996726291933937e-06,5.935743962014951e-05,0.10459347262213463
157,18,404528,occupancy,17,400260,flow,11,1.990428686503204e-06,4.0907002500922185e-05,0.10644930530630022
157,18,404528,occupancy,17,400260,flow,12,2.7385583536813338e-06,5.469520151596561e-05,0.10500474613234291
157,18,404528,occupancy,18,404528,flow,1,4.299261147025566e-05,0.0006448891720538349,0.09165887604235823
157,18,404528,occupancy,19,401795,flow,1,0.0012860897951223812,0.011778477665738153,0.07218496407672896
157,18,404528,speed,2,400331,flow,10,5.741023650168159e-05,0.0008294723133353326,0.09015112742850039
157,18,404528,speed,3,400039,flow,5,4.9487361623754856e-05,0.00072740864993066,-0.09092825314414087
157,18,404528,speed,6,405843,flow,5,2.8277169688947176e-05,0.00044195865794591823,-0.09380351669269033
157,18,404528,speed,14,401469,flow,5,0.00010437540252465247,0.0013994467377607034,-0.08695871311142395
157,18,404528,speed,14,401469,flow,10,2.5038637333801694e-05,0.0003959257440776842,-0.09441768654466948
157,18,404528,speed,15,401472,flow,6,0.0072064855393253425,0.046389535881218115,-0.06028099971954402
157,18,404528,speed,16,405838,flow,5,0.002293960290302539,0.018808869966763214,-0.06838666025665179
157,18,404528,speed,17,400260,flow,1,0.007441622561557064,0.04756296710449255,-0.060040464320828386
157,18,404528,speed,17,400260,flow,3,0.005541923096162329,0.03792993944711818,-0.062219370000983557
157,18,404528,speed,17,400260,flow,4,0.005608418892154513,0.038236736069268105,-0.06213244100444412
157,18,404528,speed,17,400260,flow,7,0.0020807535237881876,0.01739329570968454,-0.06903963044112403
157,18,404528,speed,17,400260,flow,8,0.003698034556699561,0.027573056332004967,-0.06510957746722863
157,18,404528,speed,17,400260,flow,10,0.002365060244368556,0.019217896539783143,-0.06818123559753726
157,18,404528,speed,17,400260,flow,11,0.007457122115459946,0.04764088662938032,-0.06002484936564649
157,18,404528,speed,17,400260,flow,12,0.0028420590468847167,0.02239229451494068,-0.06693333645420775
157,18,404528,speed,18,404528,flow,1,0.0019760931157901704,0.016699378443297212,-0.06938293420992582
157,18,404528,speed,19,401795,flow,8,0.002783452857776552,0.021988254798511665,-0.06707586420113879
157,19,401795,flow,1,400125,flow,11,0.0018144182218688492,0.015614638041708723,0.0699475329015603
157,19,401795,flow,2,400331,flow,5,0.0021823275851131536,0.018057182853263402,0.06872126366182908
157,19,401795,flow,3,400039,flow,11,0.0005136524462692088,0.005480312590474147,0.07787450487624387
157,19,401795,flow,4,400316,flow,2,4.474583724920619e-06,8.508011307947656e-05,-0.10274446279807739
157,19,401795,flow,4,400316,flow,9,0.007447067817563931,0.04758369024090546,0.06003497520400028
157,19,401795,flow,4,400316,flow,10,0.001987531167364893,0.016766519513798747,0.06934461446729434
157,19,401795,flow,4,400316,flow,11,0.00030315108119309157,0.0035063257583779267,0.08098206183995738
157,19,401795,flow,5,400503,flow,7,0.0015781036286787544,0.013986913366685115,0.07086212120568428
157,19,401795,flow,6,405843,flow,10,0.0006745666498258698,0.006910429042560487,0.07622435068021709
157,19,401795,flow,7,408093,flow,3,0.00679513556251114,0.0443027250679869,0.06071925630195605
157,19,401795,flow,8,401448,flow,11,0.003328951671173166,0.02534556083797687,0.06584310706772004
157,19,401795,flow,10,400497,flow,1,3.878247313991184e-05,0.000586215129336666,-0.09219069350453195
157,19,401795,flow,10,400497,flow,2,2.535294688303429e-10,9.53217846255075e-09,-0.14130120568126814
157,19,401795,flow,10,400497,flow,3,0.00012894127689499422,0.0016833675315393625,-0.08580399701362061
157,19,401795,flow,10,400497,flow,5,0.0013077141802845726,0.011956038668115654,0.07207795898911032
157,19,401795,flow,10,400497,flow,9,0.005639885669161922,0.03841132916723869,0.062091628396175144
157,19,401795,flow,10,400497,flow,10,3.5917370369449087e-16,2.329775375315616e-14,0.18150929958528858
157,19,401795,flow,10,400497,flow,11,3.2781284597440225e-11,1.3423236915729078e-09,0.14812299480820915
157,19,401795,flow,11,405841,flow,6,0.003325548349781399,0.025324112235247036,0.06585020878240544
157,19,401795,flow,12,404520,flow,1,0.0031466745021158007,0.024265692596590133,-0.06623310731668326
157,19,401795,flow,12,404520,flow,2,1.1474595592054682e-09,3.941036314242318e-08,-0.13604784956242513
157,19,401795,flow,12,404520,flow,3,0.0049809133861177055,0.03480114156239445,-0.06299274058275678
157,19,401795,flow,12,404520,flow,5,4.7414476204084856e-05,0.000700994309382774,0.0911510387944423
157,19,401795,flow,12,404520,flow,6,0.0016110783918582415,0.014203793169035925,0.07072722867182918
157,19,401795,flow,12,404520,flow,9,0.0030247090747162237,0.02352672524806281,0.0665057248617952
157,19,401795,flow,12,404520,flow,10,0.0068375117316210494,0.044491716644981076,0.060673024218852484
157,19,401795,flow,14,401469,flow,1,0.0010949802516906117,0.010319185618026706,0.07321029175824674
157,19,401795,flow,14,401469,flow,4,2.8827088413667785e-06,5.731502583906403e-05,0.10477074418374376
157,19,401795,flow,14,401469,flow,7,0.00025752778192941284,0.003066482960129723,0.08192181643910026
157,19,401795,flow,14,401469,flow,11,0.0007158425540612644,0.00726095288458479,0.07586052040380512
157,19,401795,flow,14,401469,flow,12,0.0007860887503728355,0.007848170560690199,0.0752839000070865
157,19,401795,flow,15,401472,flow,2,6.6146277788435904e-12,2.9398345683749295e-10,-0.15324846228647043
157,19,401795,flow,15,401472,flow,3,6.389609131308304e-18,4.615904924289611e-16,-0.19186727110383425
157,19,401795,flow,15,401472,flow,9,0.0005906358567939049,0.006172101841677961,0.07703281650030142
157,19,401795,flow,15,401472,flow,10,4.868313047667363e-15,2.937306196357962e-13,0.1744668178738862
157,19,401795,flow,15,401472,flow,11,1.1046960842299022e-21,9.69977049567719e-20,0.21234953320870234
157,19,401795,flow,15,401472,flow,12,2.4086621636204453e-06,4.876017125979533e-05,0.1055881153122212
157,19,401795,flow,16,405838,flow,1,0.00035103530235308525,0.003968784365782068,0.0801286320428341
157,19,401795,flow,16,405838,flow,2,0.000446295518891837,0.004864410731684284,0.07871359339548929
157,19,401795,flow,16,405838,flow,5,0.00035355644724293267,0.003992064433061864,0.08008677852783415
157,19,401795,flow,16,405838,flow,7,0.003090304396876309,0.02393351558713814,0.06635788678360767
157,19,401795,flow,16,405838,flow,12,4.734879073472125e-06,8.955638177495439e-05,0.10248114169265399
157,19,401795,flow,17,400260,flow,1,1.2835787940526858e-37,2.0690523844431354e-35,0.28197106071352535
157,19,401795,flow,17,400260,flow,2,9.326817812552806e-26,9.779575958793235e-24,0.23236701616907424
157,19,401795,flow,17,400260,flow,3,1.9847270507378398e-17,1.4009838005208281e-15,0.1890135807489559
157,19,401795,flow,17,400260,flow,4,1.3020548711773505e-15,8.199529217909845e-14,0.17806587768611007
157,19,401795,flow,17,400260,flow,5,2.081782733580703e-08,6.109579761595541e-07,0.12535652561831184
157,19,401795,flow,17,400260,flow,6,6.928148307603313e-10,2.4313241826845093e-08,0.13782548282256274
157,19,401795,flow,17,400260,flow,7,6.65219914224555e-07,1.4944097917057086e-05,0.11127516058241597
157,19,401795,flow,17,400260,flow,8,0.003553705754595804,0.026750320369147713,0.06538813696030792
157,19,401795,flow,17,400260,flow,10,0.00017161438640748598,0.0021520294609008402,0.08421923686058336
157,19,401795,flow,17,400260,flow,11,5.791588065980688e-06,0.00010751895335211247,0.10153775710322634
157,19,401795,flow,17,400260,flow,12,1.5632760539570864e-12,7.454031515556968e-11,0.15772387577084024
157,19,401795,flow,18,404528,flow,3,0.004101389719473473,0.029979701502750263,-0.06438041607473813
157,19,401795,flow,19,401795,flow,1,1.7258837722282396e-122,7.848229364237889e-120,0.4933126358963428
157,19,401795,flow,19,401795,flow,2,1.4056118279091644e-16,9.34191245625783e-15,0.18388442043986455
157,19,401795,flow,19,401795,flow,3,1.985607188404384e-06,4.082733485914773e-05,0.10643354018758619
157,19,401795,flow,19,401795,flow,11,0.0013729800461733035,0.01247638577927781,0.07176461644823781
157,19,401795,flow,19,401795,flow,12,2.783138113029781e-11,1.1494413621690876e-09,0.14865534333156474
157,19,401795,occupancy,3,400039,flow,11,0.00466982893169824,0.03308784809732065,0.06345620016925553
157,19,401795,occupancy,4,400316,flow,2,0.000779091876345967,0.007785512157794536,-0.07533914194568439
157,19,401795,occupancy,4,400316,flow,11,0.004132719515014835,0.0301627780112588,0.06432654090242344
157,19,401795,occupancy,10,400497,flow,1,0.0056715802398054115,0.03855507834083041,-0.0620507273096415
157,19,401795,occupancy,10,400497,flow,2,6.126050104656068e-07,1.3902923338548281e-05,-0.11162992086073285
157,19,401795,occupancy,10,400497,flow,3,0.0008352616454130293,0.008241960502933502,-0.07490805611668536
157,19,401795,occupancy,10,400497,flow,10,9.190041955000865e-07,2.0071274643884598e-05,0.10987317954967164
157,19,401795,occupancy,10,400497,flow,11,3.5751695055538845e-06,6.968405470143069e-05,0.10378328445877594
157,19,401795,occupancy,12,404520,flow,2,5.497443429555305e-06,0.00010254298625077252,-0.10178263839786039
157,19,401795,occupancy,12,404520,flow,3,0.0066163875717565775,0.04347193050948808,-0.06091716374800022
157,19,401795,occupancy,12,404520,flow,5,0.003784754426882591,0.028093022550056343,0.06494691952611358
157,19,401795,occupancy,14,401469,flow,4,0.00045490101046357436,0.004943503005517225,0.07860005627307304
157,19,401795,occupancy,15,401472,flow,2,4.7694105119420964e-06,9.009118238561371e-05,-0.10244725508755953
157,19,401795,occupancy,15,401472,flow,3,5.9712999481621515e-12,2.6703950078737574e-10,-0.15357025540928765
157,19,401795,occupancy,15,401472,flow,10,1.3060862747466e-05,0.0002216140104833194,0.09764267966626779
157,19,401795,occupancy,15,401472,flow,11,4.33702863884939e-10,1.570491510463484e-08,0.13945567578506246
157,19,401795,occupancy,15,401472,flow,12,3.2108244533308355e-05,0.0004950307508347326,0.0931579574379564
157,19,401795,occupancy,16,405838,flow,2,0.006247833893216,0.04165222595477333,0.061340867633507684
157,19,401795,occupancy,17,400260,flow,1,2.958801529536366e-17,2.0649471094664136e-15,0.18799738296686214
157,19,401795,occupancy,17,400260,flow,2,1.0660754891991838e-09,3.684356890672379e-08,0.13630847182710193
157,19,401795,occupancy,17,400260,flow,3,6.920596929936406e-08,1.8672142886817845e-06,0.1206540137973581
157,19,401795,occupancy,17,400260,flow,4,5.980603486283141e-08,1.6341686945441601e-06,0.12123493175644251
157,19,401795,occupancy,17,400260,flow,5,0.0011528302829683112,0.010779711736846546,0.07288352807664104
157,19,401795,occupancy,17,400260,flow,6,1.5224849894625976e-05,0.0002540415277898193,0.09689197564344423
157,19,401795,occupancy,17,400260,flow,7,0.0005818800421073207,0.006092394042422747,0.07712322184056096
157,19,401795,occupancy,17,400260,flow,12,8.22853141960492e-05,0.001133883755428812,0.08824136397082968
157,19,401795,occupancy,18,404528,flow,3,0.0058310117682531205,0.039408590173425344,-0.061848057442841595
157,19,401795,occupancy,19,401795,flow,12,2.4743240417589915e-06,4.994897131027497e-05,0.10546613299503382
157,19,401795,speed,10,400497,flow,2,0.002131987142519827,0.017728940241935807,0.06887730990223538
157,19,401795,speed,15,401472,flow,3,0.0056386872061009305,0.03840922221752763,0.06209317904583137
